0,-7,-7,0.0
0,-7,-7,0.0
0,-7,-7,0.0
0,-7,-7,0.0
0,-7,-7,0.0
0,-7,-7,0.0
0,-7,-7,0.0
0,-7,-7,0.0
0,-7,-7,0.0
0,-7,-7,0.0
0,-7,-7,0.0
0,-7,-7,0.0
0,-7,-7,0.0
0,-7,-7,0.0
0,-7,-7,0.0
0,-7,-7,0.0
0,-7,-7,0.0
0,-7,-7,0.0
0,-7,-7,0.0
0,-7,-7,0.0
0,-7,-7,0.0
0,-7,-7,0.0
0,-7,-7,0.0
0,-7,-7,0.0
0,-7,-7,0.0
0,-7,-7,0.0
0,-7,-7,0.0
0,-7,-7,0.0
0,-7,-7,0.0
0,-7,-7,0.0
0,-7,-7,0.0
0,-7,-7,0.0
0,-7,-7,0.0
0,-7,-7,0.0
0,-7,-7,0.0
0,-7,-7,0.0
0,-7,-7,0.0
0,0,0,0.0
0,-8,-8,0.0
0,-8,-8,0.0
0,-8,-8,0.0
0,-8,-8,0.0
0,-8,-8,0.0
0,-8,-8,0.0
0,-8,-8,0.0
0,-8,-8,0.0
0,-8,-8,0.0
0,-8,-8,0.0
0,-8,-8,0.0
0,-8,-8,0.0
0,-8,-8,0.0
0,-8,-8,0.0
0,-8,-8,0.0
0,-8,-8,0.0
0,-8,-8,0.0
0,-8,-8,0.0
0,-8,-8,0.0
0,-8,-8,0.0
0,-8,-8,0.0
0,-8,-8,0.0
0,-8,-8,0.0
0,-8,-8,0.0
0,-8,-8,0.0
0,-8,-8,0.0
0,-8,-8,0.0
0,-8,-8,0.0
0,-8,-8,-0.004959820594273342
0,-7,-7,0.0
0,-7,-7,0.0
0,-7,-7,0.0
0,-7,-7,0.0
0,-7,-7,6.661039058109098
0,-7,-7,0.0
0,-7,-7,0.0
0,-15,-15,0.0
0,-21,-21,0.0
0,-21,-21,0.0
0,-21,-21,0.0
0,-21,-21,0.0
0,-21,-21,0.0
0,-21,-21,0.0
0,-21,-21,0.0
0,-21,-21,0.0
0,-21,-21,0.0
0,-21,-21,0.0
0,-21,-21,0.0
0,-21,-21,0.0
0,-21,-21,0.0
0,-21,-21,0.0
0,-21,-21,0.0
0,-21,-21,0.0
0,-21,-21,0.0
0,-21,-21,0.0
0,-21,-21,0.0
0,-21,-21,-0.004959820594273342
0,-21,-21,0.0
0,-21,-21,0.0
0,-21,-21,0.0
0,-21,-21,0.0
0,-21,-21,0.0
0,-8,-8,0.004959820594273342
0,-8,-8,0.004959820594273342
0,-8,-8,0.004959820594273342
0,-8,-8,0.0
0,-8,-8,0.004959820594273342
0,-8,-8,0.004959820594273342
0,-8,-8,0.004959820594273342
0,-9,-9,0.0
0,-9,-9,0.0
0,-9,-9,0.0
0,-9,-9,0.0
0,-9,-9,0.0
0,-9,-9,0.0
0,-9,-9,0.0
0,-9,-9,0.0
0,-9,-9,0.0
0,-9,-9,0.0
0,-9,-9,0.0
0,-9,-9,0.0
0,-9,-9,0.0
0,-9,-9,0.0
0,-9,-9,0.0
0,-9,-9,0.0
0,-9,-9,0.0
0,-9,-9,0.0
0,-9,-9,0.0
0,-9,-9,0.0
0,-9,-9,0.0
0,-9,-9,0.0
0,-9,-9,0.0
0,-9,-9,0.0
0,-9,-9,0.0
0,-9,-9,0.0
0,-9,-9,0.0
0,-9,-9,0.0
0,-9,-9,0.0
0,-9,-9,0.0
0,-9,-9,0.0
0,-9,-9,0.0
0,-9,-9,0.0
0,-9,-9,0.0
0,-9,-9,0.0
0,-9,-9,0.0
0,-9,-9,0.0
0,-1021,-1021,0.0
0,-1838,-1838,0.0
0,-1946,-1946,0.0
0,-1279,-1279,0.0
0,81,81,0.0
0,-156,-156,0.0
0,324,324,0.0
0,-616,-616,0.0
0,-2448,-2448,0.0
0,-3334,-3334,0.0
0,-3446,-3446,0.0
0,-3299,-3299,0.0
0,-2357,-2357,0.0
0,-2053,-2053,0.0
0,-1968,-1968,0.0
0,-1751,-1751,0.0
0,-1519,-1519,0.0
0,-1220,-1220,0.0
0,-979,-979,0.0
0,-820,-820,0.0
0,370,370,0.0
0,371,371,0.0
0,370,370,0.0
0,372,372,0.0
0,360,360,0.0
0,315,315,0.0
0,95,95,0.0
0,-344,-344,0.0
0,-770,-770,0.0
0,-1183,-1183,0.0
0,-1589,-1589,0.0
0,-2012,-2012,0.0
0,-2421,-2421,0.0
0,-2638,-2638,0.0
0,-2904,-2904,0.0
0,-2479,-2479,0.0
0,-1771,-1771,0.0
0,-1321,-1321,0.0
0,-984,-984,0.0
0,-691,-691,0.0
0,-577,-577,0.0
0,-562,-562,0.0
0,-700,-700,0.0
0,-722,-722,0.0
0,-739,-739,0.0
0,-771,-771,-0.004959820594273342
0,-746,-746,0.0
0,-747,-747,0.0
0,-747,-747,0.0
0,-747,-747,0.5406204447757942
0,-747,-747,16.6699570173527
0,-749,-749,15.053055503619591
0,-749,-749,15.028256400648225
0,-749,-749,14.844743038660111
0,-749,-749,14.601711829540717
0,-749,-749,14.591792188352171
0,-749,-749,14.591792188352171
0,-779,-779,11.605980190599618
0,-783,-783,11.630779293570985
0,-793,-793,11.620859652382439
0,-793,-793,11.620859652382439
0,-793,-793,11.620859652382439
0,-793,-793,11.620859652382439
0,-789,-789,11.625819472976712
0,-775,-775,11.620859652382439
0,-775,-775,11.615899831788166
0,-775,-775,11.615899831788166
0,-775,-775,11.615899831788166
0,-775,-775,11.615899831788166
0,-775,-775,11.615899831788166
0,-775,-775,11.615899831788166
0,-775,-775,11.615899831788166
0,-775,-775,11.615899831788166
0,-775,-775,11.615899831788166
0,-775,-775,11.610940011193891
0,-775,-775,11.615899831788166
0,-775,-775,11.610940011193891
0,-775,-775,11.610940011193891
0,-775,-775,11.610940011193891
0,-774,-774,11.610940011193891
0,-774,-774,11.620859652382439
0,-827,-827,11.675417678919446
0,-880,-880,11.779573911399186
0,-945,-945,11.829172117341919
0,-1014,-1014,11.898609605661745
0,-1072,-1072,11.953167632198753
0,-1116,-1116,11.997806017547212
0,-1146,-1146,12.022605120518579
0,-1148,-1148,12.027564941112853
0,-1170,-1170,12.022605120518579
0,-1187,-1187,12.022605120518579
0,-1187,-1187,12.002765838141485
0,-1156,-1156,11.9630872733873
0,-1101,-1101,11.898609605661745
0,-1017,-1017,11.804373014370553
0,-947,-947,11.720056064267906
0,-945,-945,11.68037749951372
0,-960,-960,11.660538217136626
0,-1017,-1017,11.665498037730899
0,-1086,-1086,11.705176602485086
0,-1136,-1136,11.764694449616366
0,-1157,-1157,11.79941319377628
0,-1182,-1182,11.839091758530467
0,-1191,-1191,11.849011399719013
0,-1225,-1225,11.878770323284652
0,-1248,-1248,11.8886899644732
0,-1248,-1248,11.8886899644732
0,-1239,-1239,11.8886899644732
0,-1220,-1220,11.893649785067472
0,-1220,-1220,11.893649785067472
0,-1229,-1229,11.893649785067472
0,-1277,-1277,11.918448888038839
0,-1313,-1313,11.968047093981573
0,-1366,-1366,12.002765838141485
0,-1366,-1366,12.002765838141485
0,-1367,-1367,12.002765838141485
0,-1392,-1392,11.99284619695294
0,-1417,-1417,11.973006914575846
0,-1398,-1398,11.93332834982166
0,-1332,-1332,11.858931040907558
0,-1241,-1241,11.769654270210639
0,-1172,-1172,11.68037749951372
0,-1156,-1156,11.640698934759532
0,-1164,-1164,11.630779293570985
0,-1228,-1228,11.640698934759532
0,-1312,-1312,11.725015884862179
0,-1394,-1394,11.824212296747646
0,-1470,-1470,11.898609605661745
0,-1502,-1502,11.923408708633113
0,-1502,-1502,11.923408708633113
0,-1502,-1502,11.923408708633113
0,-1502,-1502,11.928368529227386
0,-1525,-1525,11.938288170415932
0,-1536,-1536,11.953167632198753
0,-1574,-1574,11.953167632198753
0,-1570,-1570,11.8886899644732
0,-1521,-1521,11.809332834964826
0,-1442,-1442,11.734935526050725
0,-1406,-1406,11.685337320107992
0,-1382,-1382,11.660538217136626
0,-1369,-1369,11.625819472976712
0,-1424,-1424,11.625819472976712
0,-1514,-1514,11.68037749951372
0,-1594,-1594,11.774614090804912
0,-1643,-1643,11.878770323284652
0,-1715,-1715,11.928368529227386
0,-1796,-1796,11.9630872733873
0,-1898,-1898,11.9630872733873
0,-1951,-1951,11.94820781160448
0,-1868,-1868,11.858931040907558
0,-1762,-1762,11.789493552587732
0,-1690,-1690,11.729975705456452
0,-1625,-1625,11.655578396542353
0,-1581,-1581,11.601020370005346
0,-1611,-1611,11.571261446439705
0,-1714,-1714,11.591100728816798
0,-1791,-1791,11.68037749951372
0,-1878,-1878,11.759734629022093
0,-1960,-1960,11.849011399719013
0,-2078,-2078,11.918448888038839
0,-2206,-2206,11.953167632198753
0,-2343,-2343,11.94820781160448
0,-2309,-2309,11.898609605661745
0,-2192,-2192,11.839091758530467
0,-2086,-2086,11.754774808427818
0,-1987,-1987,11.705176602485086
0,-1926,-1926,11.645658755353805
0,-1881,-1881,11.586140908222525
0,-1933,-1933,11.566301625845432
0,-2037,-2037,11.581181087628252
0,-2161,-2161,11.645658755353805
0,-2234,-2234,11.729975705456452
0,-2306,-2306,11.819252476153373
0,-2489,-2489,11.90356942625602
0,-2704,-2704,11.94820781160448
0,-2925,-2925,11.953167632198753
0,-3023,-3023,11.893649785067472
0,-2937,-2937,11.834131937936192
0,-2889,-2889,11.759734629022093
0,-2814,-2814,11.710136423079359
0,-2641,-2641,11.650618575948078
0,-2565,-2565,11.571261446439705
0,-2728,-2728,11.541502522874065
0,-3117,-3117,11.536542702279792
0,-2923,-2923,11.596060549411073
0,-3064,-3064,11.69525696129654
0,-2963,-2963,11.769654270210639
0,-3019,-3019,11.834131937936192
0,-3002,-3002,11.90356942625602
0,-2980,-2980,11.923408708633113
0,-2533,-2533,11.918448888038839
0,-2214,-2214,11.893649785067472
0,-1888,-1888,11.868850682096106
0,-1620,-1620,11.829172117341919
0,-1359,-1359,11.78453373199346
0,-1101,-1101,11.729975705456452
0,-933,-933,11.685337320107992
0,-794,-794,11.620859652382439
0,-786,-786,11.615899831788166
0,-786,-786,11.615899831788166
0,-786,-786,11.615899831788166
0,-786,-786,11.615899831788166
0,-786,-786,11.615899831788166
0,-786,-786,11.615899831788166
0,-786,-786,11.615899831788166
0,-786,-786,11.615899831788166
0,-6,-6,0.0
0,-6,-6,0.0
0,-6,-6,0.0
0,-6,-6,0.0
0,-6,-6,0.0
0,-3,-3,0.0
0,2,2,0.0
0,5,5,0.0
0,6,6,0.0
0,-9,-9,0.0
0,-9,-9,0.0
0,-9,-9,0.0
0,-5,-5,0.0
0,-52,-52,0.0
0,-154,-154,0.004959820594273342
0,-364,-364,0.0
0,-661,-661,0.0
0,-977,-977,0.0
0,-1333,-1333,0.0
0,-1723,-1723,0.0
0,-2262,-2262,0.0
0,-2827,-2827,0.0
0,-3262,-3262,0.0
0,-3194,-3194,0.0
0,-3276,-3276,0.0
0,-3394,-3394,0.0
0,-3393,-3393,0.0
0,-3427,-3427,0.0
0,-3434,-3434,0.0
0,-3431,-3431,0.0
0,-3407,-3407,0.0
0,-3313,-3313,0.0
0,-3606,-3606,0.0
0,-4206,-4206,0.0
0,-4918,-4918,0.0
0,-5363,-5363,0.0
0,-5811,-5811,0.0
0,-6309,-6309,0.0
0,-6667,-6667,0.0
0,-6983,-6983,0.0
0,-7069,-7069,0.0
0,-6961,-6961,0.0
0,-6787,-6787,0.0
0,-6713,-6713,0.0
0,-6639,-6639,0.0
0,-6626,-6626,0.0
0,-6616,-6616,0.0
0,-6616,-6616,0.0
0,-6616,-6616,0.0
0,-6616,-6616,0.0
0,-7,-7,0.0
0,-7,-7,0.0
0,-7,-7,0.0
0,-102,-102,0.0
0,-202,-202,0.0
0,-77,-77,0.0
0,-44,-44,0.0
0,-214,-214,0.0
0,-229,-229,0.0
0,-124,-124,0.0
0,-94,-94,0.0
0,-101,-101,0.0
0,-98,-98,0.0
0,357,357,0.0
0,367,367,0.0
0,367,367,0.004959820594273342
0,262,262,0.004959820594273342
0,-21,-21,0.0
0,-368,-368,0.0
0,-880,-880,0.004959820594273342
0,-1226,-1226,0.0
0,-991,-991,0.004959820594273342
0,-531,-531,0.004959820594273342
0,-254,-254,0.0
0,-141,-141,0.0
0,87,87,0.0
0,343,343,0.004959820594273342
0,535,535,0.0
0,520,520,0.0
0,419,419,0.004959820594273342
0,390,390,0.0
0,380,380,0.004959820594273342
0,366,366,0.004959820594273342
0,361,361,0.004959820594273342
0,366,366,0.0
0,371,371,0.0
0,380,380,0.004959820594273342
0,364,364,0.0
0,364,364,0.004959820594273342
0,328,328,0.0
0,321,321,0.004959820594273342
0,364,364,0.004959820594273342
0,377,377,0.0
0,400,400,0.004959820594273342
0,-10,-10,0.0
0,-9,-9,0.004959820594273342
0,-8,-8,0.004959820594273342
0,-10,-10,0.004959820594273342
0,-9,-9,0.0
0,-8,-8,0.004959820594273342
0,-8,-8,0.0
0,-28,-28,0.0
0,-127,-127,0.0
0,-338,-338,0.0
0,-624,-624,0.0
0,-943,-943,0.0
0,-1033,-1033,0.004959820594273342
0,-1004,-1004,0.0
0,-944,-944,0.0
0,-927,-927,0.0
0,-1009,-1009,0.0
0,-1030,-1030,0.0
0,-846,-846,0.0
0,-628,-628,0.004959820594273342
0,-448,-448,0.0
0,-418,-418,0.0
0,-326,-326,0.004959820594273342
0,-211,-211,0.0
0,-134,-134,0.0
0,-95,-95,0.0
0,-95,-95,0.0
0,-84,-84,0.004959820594273342
0,-67,-67,0.0
0,-52,-52,0.0
0,-48,-48,0.0
0,-49,-49,0.0
0,-45,-45,0.0
0,-27,-27,0.0
0,-38,-38,0.0
0,0,0,0.0
0,0,0,0.0
0,0,0,0.0
0,0,0,0.0
0,0,0,-0.004959820594273342
0,0,0,-0.004959820594273342
0,0,0,0.0
0,0,0,0.0
0,0,0,0.0
0,0,0,0.0
0,0,0,0.0
0,0,0,0.0
0,0,0,0.0
0,0,0,0.0
0,0,0,0.0
0,0,0,0.0
0,0,0,0.0
0,0,0,0.0
0,0,0,0.0
0,0,0,0.0
0,0,0,0.0
0,0,0,0.0
0,0,0,0.0
0,0,0,0.0
0,0,0,0.0
0,0,0,0.0
0,0,0,-0.004959820594273342
0,0,0,0.0
0,0,0,0.0
0,0,0,0.0
0,0,0,-0.004959820594273342
0,0,0,0.0
0,0,0,0.0
0,0,0,0.0
0,0,0,-0.004959820594273342
0,0,0,0.0
0,0,0,0.0
0,0,0,-0.004959820594273342
0,0,0,0.0
0,0,0,0.0
0,0,0,0.0
0,209,209,0.0
0,210,210,0.0
0,216,216,0.0
0,267,267,0.0
0,614,614,0.0
0,887,887,0.0
0,1109,1109,0.004959820594273342
0,1094,1094,0.0
0,859,859,0.0
0,648,648,0.0
0,343,343,0.0
0,-53,-53,0.0
0,-434,-434,0.0
0,-990,-990,0.0
0,-1412,-1412,0.0
0,-1829,-1829,0.0
0,-2079,-2079,0.0
0,-1829,-1829,0.0
0,-1151,-1151,0.0
0,-342,-342,0.0
0,154,154,0.0
0,376,376,0.0
0,411,411,0.0
0,-22,-22,0.0
0,11,11,0.0
0,-12,-12,0.0
0,-3,-3,0.0
0,257,257,0.0
0,58,58,0.0
0,112,112,0.0
0,547,547,0.0
0,1054,1054,0.0
0,1326,1326,0.0
0,1677,1677,0.0
0,1977,1977,0.0
0,1988,1988,0.0
0,1741,1741,0.0
0,1427,1427,0.0
0,1319,1319,0.0
0,988,988,0.0
0,511,511,0.0
0,212,212,0.0
0,168,168,0.0
0,194,194,0.0
0,136,136,0.0
0,-26,-26,0.0
0,-81,-81,0.0
0,0,0,0.0
0,0,0,0.0
0,0,0,0.0
0,0,0,0.0
0,0,0,0.0
0,0,0,0.0
0,0,0,0.0
0,0,0,0.0
0,0,0,0.0
0,0,0,0.0
0,0,0,0.0
0,0,0,0.0
0,0,0,0.0
0,0,0,-0.004959820594273342
0,0,0,0.0
0,0,0,0.0
0,0,0,-0.004959820594273342
0,0,0,0.0
0,0,0,0.0
0,0,0,0.0
0,0,0,0.0
0,0,0,0.0
0,0,0,0.0
0,0,0,0.0
0,0,0,0.0
0,0,0,0.0
0,0,0,-0.004959820594273342
0,0,0,0.0
0,0,0,0.0
0,0,0,0.0
0,0,0,0.0
0,0,0,0.0
0,0,0,0.0
0,0,0,0.0
0,0,0,0.0
0,0,0,0.0
0,0,0,0.0
0,0,0,0.0
0,0,0,0.0
0,0,0,0.0
0,0,0,0.0
0,0,0,0.0
0,0,0,0.0
0,0,0,0.0
0,0,0,0.0
0,0,0,0.0
0,0,0,0.0
0,0,0,0.0
0,0,0,0.0
0,0,0,0.0
0,0,0,0.0
0,0,0,0.0
0,0,0,0.0
0,0,0,0.0
0,0,0,0.0
0,0,0,0.0
0,0,0,-0.004959820594273342
0,0,0,0.0
0,0,0,0.0
0,0,0,0.0
0,0,0,0.0
0,0,0,0.0
0,0,0,0.0
0,0,0,0.0
0,0,0,0.0
0,0,0,0.0
0,0,0,0.0
0,0,0,0.0
0,0,0,0.0
0,0,0,-0.004959820594273342
0,0,0,0.0
0,0,0,0.0
0,0,0,0.0
0,0,0,0.0
0,0,0,0.0
0,0,0,0.0
0,0,0,0.0
0,0,0,0.0
0,0,0,0.0
0,0,0,0.0
0,0,0,0.0
0,0,0,0.0
0,0,0,0.0
0,0,0,0.0
0,0,0,0.0
0,0,0,0.0
0,0,0,0.0
0,0,0,0.0
0,0,0,0.0
0,0,0,0.0
0,0,0,0.0
0,0,0,0.0
0,0,0,0.0
0,0,0,0.0
0,0,0,0.0
0,0,0,0.0
0,0,0,0.0
0,0,0,0.0
0,0,0,0.0
0,0,0,0.0
0,0,0,0.0
0,0,0,0.0
0,0,0,0.0
0,0,0,0.0
0,0,0,0.0
0,0,0,0.0
0,0,0,0.0
0,0,0,0.0
0,0,0,0.0
0,0,0,0.0
0,0,0,0.0
0,0,0,-0.004959820594273342
0,0,0,0.0
0,0,0,0.0
0,0,0,0.0
0,0,0,0.0
0,0,0,6.090659689767663
0,0,0,2.1327228555375366
0,0,0,12.05236404408422
0,0,0,14.56203326478653
0,0,0,8.873119043155008
0,0,0,0.0
0,0,0,0.0
0,0,0,0.0
0,0,0,0.0
0,0,0,0.004959820594273342
0,0,0,0.0
0,0,0,0.004959820594273342
0,0,0,0.0
0,0,0,0.0
0,0,0,0.0
0,0,0,0.0
0,0,0,0.0
0,0,0,0.0
0,0,0,0.0
0,0,0,0.0
0,0,0,0.0
0,0,0,0.0
0,0,0,0.0
0,0,0,0.0
0,0,0,0.0
0,0,0,0.0
0,0,0,0.0
0,0,0,0.0
0,0,0,0.0
0,0,0,0.0
0,0,0,0.0
0,0,0,0.004959820594273342
0,0,0,0.0
0,0,0,0.0
0,0,0,0.004959820594273342
0,0,0,0.0
0,0,0,0.004959820594273342
0,0,0,0.0
0,0,0,0.0
0,0,0,0.0
0,0,0,0.004959820594273342
0,0,0,0.0
0,0,0,0.0
0,0,0,0.0
0,0,0,0.0
0,0,0,0.0
0,0,0,0.0
0,0,0,0.0
0,0,0,0.0
0,0,0,0.0
0,0,0,0.0
0,231,0,0.0
0,232,479,0.0
0,232,479,0.0
0,328,479,0.0
0,924,463,0.0
0,1423,420,0.0
0,852,352,0.0
0,375,420,0.0
0,246,478,0.0
0,523,388,0.0
0,912,261,0.0
0,1095,209,0.0
0,1280,217,0.0
0,1312,224,0.0
0,1217,224,0.0
0,-8,0,0.0
0,-8,-4,0.0
0,-8,-4,0.0
0,-8,-4,0.0
0,1,-4,0.0
0,11,-4,0.0
0,11,-4,0.0
0,-50,-3,0.0
0,4,110,0.0
0,462,434,0.0
0,963,785,0.0
0,1464,937,0.0
0,1902,1007,0.0
0,2127,880,0.0
0,1957,522,0.0
0,1395,82,0.0
0,571,-247,0.0
0,218,-214,0.0
0,54,-63,0.0
0,13,-29,0.004959820594273342
0,-84,-59,0.004959820594273342
0,-132,-66,0.0
0,-119,-58,0.0
0,-9,-1,0.0
0,26,0,0.0
0,14,-6,0.0
0,15,1,0.0
0,16,2,0.0
0,16,7,0.0
0,24,2,0.0
0,24,1,0.0
0,25,4,0.0
0,-36,-7,0.0
0,-450,-19,0.0
0,-1062,-37,0.0
0,-1472,-41,0.0
0,-1491,-46,0.0
0,-1107,-45,0.0
0,-662,-41,0.0
0,-279,-45,0.004959820594273342
0,107,-44,0.0
0,541,-41,0.004959820594273342
0,940,-22,0.0
0,1137,-32,0.0
0,880,-24,0.0
0,398,-37,0.0
0,70,-49,0.0
0,-63,-37,0.0
0,-31,-36,0.0
0,-11,-41,0.0
0,157,-34,0.0
0,604,-38,0.004959820594273342
0,1010,-28,0.0
0,1435,-27,0.0
0,1812,-25,0.004959820594273342
0,2062,-25,0.0
0,2107,-36,0.0
0,2134,-61,0.0
0,2129,-73,0.0
0,-9,0,0.0
0,-9,-7,0.0
0,-8,-7,0.0
0,-8,-9,0.0
0,4,30,0.004959820594273342
0,-9,26,0.0
0,-24,-16,0.0
0,15,-114,0.0
0,-103,-912,0.0
0,-123,-1570,0.0
0,-100,-1591,0.0
0,-44,-848,0.0
0,5,-127,0.0
0,32,632,0.0
0,45,1219,0.0
0,57,1652,0.0
0,87,1972,0.0
0,100,2150,0.0
0,86,2116,0.0
0,53,2105,0.0
0,67,2104,0.0
0,-7,0,0.0
0,-32,-44,0.0
0,-31,-43,0.0
0,-29,-18,0.0
0,-71,-94,0.0
0,-32,-50,0.0
0,-50,-65,0.0
0,-75,-118,0.0
0,-83,-118,0.0
0,-86,-118,0.0
0,-82,-107,0.0
0,-85,-110,0.0
0,-83,-114,0.0
0,-98,-165,0.004959820594273342
0,-168,-391,0.0
0,-339,-890,0.0
0,-488,-1406,0.0
0,-551,-1718,0.0
0,-559,-1776,0.0
0,-618,-1863,0.0
0,-756,-2041,0.0
0,-919,-2200,0.0
0,-1011,-2179,0.004959820594273342
0,-1088,-1993,0.0
0,-1107,-1736,0.0
0,-1054,-1427,0.0
0,-889,-1194,0.0
0,-638,-831,0.0
0,-384,-426,0.0
0,-202,-131,0.0
0,-129,-1,0.0
0,-161,-68,0.0
0,-171,-85,0.0
0,-161,-74,0.0
0,-162,-87,0.0
0,0,0,0.0
0,-5,-6,0.0
0,-5,-22,0.0
0,14,-84,0.0
0,127,-28,0.0
0,276,-2,0.0
0,391,-57,0.0
0,496,-111,0.0
0,632,-149,0.0
0,793,-111,0.0
0,1006,-83,0.0
0,1172,-112,0.0
0,1261,-347,0.0
0,1301,-564,0.0
0,1560,-382,0.0
0,1861,-222,0.0
0,2192,-122,0.0
0,2523,-138,0.0
0,2856,-134,0.004959820594273342
0,3269,-45,0.0
0,3645,24,0.0
0,3999,-38,0.0
0,4361,-98,0.0
0,4698,-196,0.0
0,4957,-384,0.0
0,5240,-222,0.0
0,5588,-53,0.0
0,6056,53,0.0
0,6528,138,0.0
0,6898,199,0.0
0,6890,226,0.0
0,6959,288,0.0
0,7123,116,0.0
0,7283,-20,0.0
0,7400,-28,0.0
0,7475,140,0.0
0,7524,274,0.0
0,7539,313,0.0
0,7524,173,0.0
0,7530,155,0.0
0,-5,0,0.0
0,-5,-8,0.0
0,-2,-8,0.0
0,-13,-81,0.0
0,-25,-227,0.0
0,-83,-636,0.0
0,-117,-1301,0.0
0,-110,-1930,0.0
0,-105,-2480,0.004959820594273342
0,-100,-2844,0.0
0,-104,-2560,0.0
0,-100,-1880,0.0
0,-100,-997,0.004959820594273342
0,-78,-47,0.0
0,-35,638,0.0
0,-24,1297,0.0
0,-44,1901,0.0
0,-36,2364,0.0
0,-34,2687,0.0
0,-39,3212,0.0
0,-44,2991,0.0
0,-32,2195,0.0
0,-31,1228,0.0
0,-18,300,0.0
0,-18,-448,0.0
0,-22,-1294,0.0
0,-3,-1909,0.004959820594273342
0,26,-1945,0.0
0,50,-1943,0.0
0,58,-1940,0.0
0,-11,-1,0.0
0,-11,-8,0.0
0,-12,-9,0.0
0,-49,-153,0.0
0,-175,-586,0.0
0,-234,-1003,0.0
0,-163,-1179,0.0
0,-92,-1367,0.0
0,-49,-1651,0.0
0,-34,-2086,0.0
0,39,-2718,0.0
0,62,-3266,0.0
0,57,-2971,0.0
0,48,-1867,0.0
0,144,-708,0.0
0,195,147,0.0
0,55,-489,0.0
0,82,-206,0.0
0,96,-130,0.0
0,107,-122,0.0
0,-7,0,0.0
0,-11,-10,0.0
0,3,13,0.0
0,17,123,0.0
0,4,150,0.0
0,56,459,0.0
0,199,1064,0.0
0,223,1611,0.0
0,160,2055,0.0
0,133,2479,0.0
0,104,2886,0.0
0,79,3062,0.0
0,58,2561,0.0
0,55,1943,0.0
0,-18,1348,0.0
0,-57,682,0.0
0,-67,312,0.0
0,-53,196,0.0
0,-48,87,0.0
0,-358,74,0.0
0,-354,74,0.0
0,-352,74,0.0
0,-357,64,0.0
0,-369,19,0.0
0,-320,262,0.0
0,-265,564,0.0
0,-164,925,0.0
0,-79,1332,0.0
0,-18,1666,0.0
0,72,2018,0.0
0,247,2339,0.0
0,406,2555,0.0
0,510,2577,0.0
0,572,2352,0.0
0,595,2008,0.0
0,590,1756,0.0
0,578,1686,0.0
0,372,1469,0.0
0,128,1158,0.0
0,-117,740,0.0
0,-293,397,0.0
0,-512,-67,0.0
0,-521,-19,0.0
0,-512,-1,0.0
0,-520,-23,0.0
0,-6,0,0.0
0,-5,-9,0.0
0,-9,-9,0.0
0,-13,-101,0.0
0,-30,-546,0.0
0,-31,-972,0.0
0,-26,-1243,0.0
0,-15,-1224,0.0
0,-29,-957,0.0
0,-41,-689,0.0
0,-47,-352,0.0
0,-46,-29,0.0
0,-26,407,0.0
0,-24,810,0.0
0,-17,1097,0.0
0,-13,1364,0.0
0,4,1585,0.0
0,16,1866,0.0
0,20,2038,0.0
0,20,2131,0.0
0,16,2208,0.0
0,-7,2176,0.0
0,-58,2146,0.0
0,-30,2167,0.0
0,-282,72,0.0
0,-282,76,0.0
0,-282,76,0.0
0,-287,-26,0.0
0,-303,-244,0.0
0,-433,-816,0.0
0,-461,-1215,0.0
0,-418,-1477,0.0
0,-403,-1481,0.0
0,-364,-1054,0.0
0,-239,-103,0.0
0,-130,581,0.0
0,-209,854,0.0
0,-237,1040,0.0
0,-227,1152,0.0
0,-261,1044,0.0
0,-363,669,0.0
0,-553,105,0.0
0,-594,-99,0.0
0,-467,109,0.0
0,-9,0,0.0
0,-13,-6,0.0
0,-11,-6,0.0
0,-7,-6,0.0
0,39,9,0.0
0,149,52,0.0
0,242,34,0.0
0,334,-3,0.0
0,405,-11,0.0
0,431,35,0.0
0,431,210,0.0
0,405,543,0.0
0,393,617,0.0
0,370,341,0.0
0,370,-191,0.0
0,359,-677,0.0
0,340,-1058,0.0
0,344,-1390,0.004959820594273342
0,324,-1044,0.0
0,353,-289,0.0
0,349,228,0.0
0,362,561,0.0
0,376,789,0.0
0,343,633,0.0
0,182,-82,0.0
0,312,36,0.0
0,360,57,0.0
0,378,67,0.0
0,397,91,0.0
0,403,86,0.0
0,-7,0,0.0
0,-7,-7,0.0
0,-24,3,0.0
0,-99,-14,0.0
0,-185,-3,0.0
0,-282,-14,0.0
0,-362,-27,0.0
0,-434,-83,0.0
0,-446,25,0.0
0,-463,123,0.0
0,-522,310,0.0
0,-533,687,0.0
0,-544,968,0.0
0,-579,660,0.0
0,-618,233,0.0
0,-625,-308,0.0
0,-608,-323,0.0
0,-580,32,0.0
0,-541,474,0.0
0,-521,826,0.0
0,-546,548,0.0
0,-542,349,0.0
0,-543,309,0.0
0,-559,146,0.0
0,-556,191,0.0
0,-9,0,0.0
0,-7,-4,0.0
0,-10,-9,0.0
0,-11,-20,0.0
0,-8,-30,0.0
0,-31,-92,0.0
0,-36,-123,0.0
0,-17,-65,0.0
0,31,-64,0.0
0,244,-86,0.0
0,444,-103,0.0
0,490,-84,0.0
0,347,-185,0.0
0,108,-260,0.0
0,-109,-242,0.0
0,-188,-111,0.0
0,-248,-67,0.0
0,-252,266,0.004959820594273342
0,-256,644,0.0
0,-268,528,0.0
0,-278,107,0.0
0,-278,-407,0.0
0,-271,-699,0.0
0,-273,-442,0.0
0,-269,44,0.0
0,-260,540,0.0
0,-244,843,0.0
0,-242,903,0.0
0,-248,901,0.0
0,-241,901,0.0
0,-240,897,0.0
0,-10,-6,0.0
0,-12,-7,0.0
0,-10,-8,0.0
0,-9,-8,0.0
0,11,6,0.0
0,10,7,0.0
0,-4,-49,0.0
0,-1,-203,0.0
0,-1,-394,0.0
0,-3,-610,0.0
0,-7,-840,0.0
0,-7,-1042,0.0
0,-6,-1177,0.0
0,-9,-1288,0.0
0,-10,-1494,0.0
0,-15,-1600,0.0
0,-20,-1714,0.0
0,-39,-2015,0.0
0,-121,-2290,0.0
0,-205,-2555,0.0
0,-249,-2752,0.0
0,-233,-2854,0.0
0,-86,-2827,0.0
0,216,-2641,0.0
0,511,-2360,0.0
0,779,-2083,0.0
0,1011,-1807,0.0
0,1077,-1670,0.0
0,1135,-1429,0.0
0,1163,-1055,0.0
0,1194,-698,0.0
0,1286,-286,0.0
0,1319,-68,0.0
0,1324,17,0.0
0,1286,-35,0.0
0,1304,-7,0.0
0,1338,45,0.0
0,1328,13,0.0
0,1312,-16,0.0
0,-4,0,0.0
0,-4,-7,0.0
0,-5,-9,0.0
0,7,0,0.0
0,4,15,0.0
0,-65,-37,0.0
0,-216,-97,0.0
0,-333,-166,0.0
0,-445,-130,0.0
0,-597,-112,0.0
0,-676,-22,0.0
0,-756,22,0.0
0,-874,-5,0.0
0,-982,-26,0.0
0,-1000,-58,0.0
0,-1076,-76,0.0
0,-1076,-97,0.0
0,-1091,-1,0.0
0,-1097,-40,0.0
0,-9,-6,0.0
0,-11,-6,0.0
0,-12,-6,0.0
0,-22,-12,0.0
0,-39,-92,0.0
0,-174,-149,0.0
0,-324,-177,0.0
0,-449,-151,0.0
0,-604,-123,0.0
0,-779,-135,0.0
0,-900,-37,0.0
0,-1048,-14,0.0
0,-1201,-32,0.0
0,-1324,-40,0.0
0,-1451,-54,0.0
0,-1559,-97,0.0
0,-1658,-116,0.0
0,-1690,-96,0.0
0,-8,-6,0.0
0,-4,-8,0.0
0,8,-8,0.0
0,72,16,0.0
0,185,20,0.0
0,329,15,0.0
0,480,-6,0.0
0,655,-2,0.0
0,808,-83,0.0
0,996,-66,0.0
0,1163,0,0.0
0,1227,-146,0.0
0,1342,-136,0.0
0,1504,13,0.0
0,1532,-16,0.0
0,-9,-1,0.0
0,-12,-13,0.0
0,-22,-23,0.0
0,-23,-28,0.0
0,-24,-11,0.0
0,-15,112,0.0
0,-12,297,0.0
0,-13,503,0.0
0,2,813,0.0
0,-6,1062,0.0
0,-8,1359,0.0
0,-8,1600,0.0
0,-6,1842,0.0
0,-7,2128,0.0
0,-10,2394,0.0
0,-11,2681,0.0
0,-11,2993,0.0
0,-10,3222,0.0
0,-40,3252,0.0
0,-61,3315,0.0
0,-72,3429,0.0
0,-54,3437,0.0
0,-10,-1,0.0
0,-14,-11,0.0
0,-15,-16,0.0
0,-16,3,0.0
0,-16,105,0.0
0,-16,283,0.0
0,-13,476,0.0
0,-10,703,0.0
0,-6,901,0.0
0,-10,1058,0.0
0,-12,1187,0.0
0,-17,1355,0.0
0,-28,1531,0.0
0,-48,1681,0.0
0,-48,1865,0.0
0,-46,2080,0.0
0,-39,2249,0.0
0,-43,2358,0.0
0,-67,2364,0.0
0,-65,2379,0.0
0,-69,2371,0.0
0,-6,-1,0.0
0,-4,-11,0.0
0,-2,6,0.0
0,-12,112,0.0
0,-19,298,0.0
0,-18,542,0.0
0,-28,836,0.0
0,-33,1107,0.0
0,-28,1364,0.0
0,-24,1444,0.0
0,-28,1465,0.0
0,-35,1453,0.0
0,-10,-6,0.0
0,-13,-6,0.0
0,-13,23,0.0
0,-11,146,0.0
0,-13,266,0.0
0,-9,471,0.0
0,-11,645,0.0
0,-10,870,0.0
0,1,1065,0.0
0,4,1252,0.0
0,8,1402,0.0
0,22,1506,0.0
0,12,1507,0.0
0,19,1506,0.0
0,7,1490,0.0
0,-9,0,0.0
0,-10,-6,0.0
0,-10,-2,0.0
0,-13,93,0.0
0,-14,253,0.0
0,-14,542,0.0
0,-9,801,0.0
0,-8,1090,0.0
0,-15,1313,0.0
0,-16,1452,0.0
0,-21,1624,0.0
0,-24,1781,0.0
0,-26,1940,0.0
0,-26,2129,0.0
0,-23,2282,0.0
0,-23,2512,0.0
0,-26,2749,0.0
0,-31,2986,0.0
0,-49,3168,0.0
0,-43,3382,0.0
0,-50,3495,0.0
0,-53,3573,0.0
0,-42,3630,0.0
0,-57,3689,0.0
0,-81,3872,0.0
0,-87,3873,0.0
0,-82,3877,0.0
0,-8,3,0.0
0,-4,5,0.0
0,-3,47,0.0
0,-2,186,0.0
0,-2,352,0.0
0,0,604,0.0
0,1,888,0.0
0,9,1126,0.0
0,18,1306,0.0
0,19,1448,0.0
0,-1,1602,0.0
0,3,1806,0.0
0,11,1981,0.0
0,14,2192,0.0
0,18,2368,0.0
0,20,2523,0.0
0,33,2559,0.0
0,28,2569,0.0
0,17,2569,0.0
0,22,2572,0.0
0,74,81,0.0
0,65,62,0.0
0,76,80,0.0
0,-10,7,0.0
0,-77,-21,0.0
0,-51,81,0.0
0,-1,357,0.0
0,25,692,0.0
0,14,959,0.0
0,12,1211,0.0
0,9,1571,0.0
0,-22,1860,0.0
0,-31,2160,0.0
0,-35,2429,0.0
0,-32,2715,0.0
0,-22,3169,0.0
0,-25,3491,0.0
0,-23,3704,0.0
0,-19,3841,0.0
0,-20,3692,0.0
0,-24,3378,0.0
0,-35,3103,0.0
0,-39,2726,0.0
0,-33,2463,0.0
0,-41,2192,0.0
0,-38,2072,0.0
0,-28,2070,0.0
0,-33,2074,0.0
0,-31,2082,0.0
0,-27,2083,0.0
0,-8,0,0.0
0,-8,-9,0.0
0,1,85,0.0
0,25,333,0.0
0,31,637,0.0
0,74,1086,0.0
0,56,1367,0.0
0,14,1712,0.0
0,21,2149,0.0
0,25,2576,0.0
0,31,2950,0.0
0,29,3193,0.0
0,27,3266,0.0
0,28,3257,0.0
0,21,3260,0.0
0,27,3262,0.0
0,94,33,0.0
0,94,36,0.0
0,94,40,0.0
0,93,40,0.0
0,91,70,0.0
0,84,81,0.0
0,84,316,0.0
0,91,616,0.0
0,82,901,0.0
0,77,1202,0.0
0,94,1603,0.0
0,113,1990,0.0
0,129,2334,0.0
0,121,2631,0.0
0,121,2885,0.0
0,110,3122,0.0
0,121,3174,0.0
0,118,3203,0.0
0,93,3202,0.0
0,100,3203,0.0
0,-10,-2,0.0
0,-7,-11,0.0
0,-1,-4,0.0
0,-14,41,0.0
0,31,256,0.0
0,123,596,0.0
0,227,974,0.0
0,280,1274,0.0
0,265,1476,0.0
0,215,1530,0.0
0,175,1496,0.0
0,114,1419,0.0
0,152,1474,0.004959820594273342
0,290,1723,0.0
0,470,1993,0.0
0,562,2270,0.0
0,554,2526,0.0
0,544,2697,0.0
0,543,2711,0.0
0,562,2667,0.0
0,631,2538,0.0
0,676,2351,0.0
0,633,2059,0.0
0,537,1766,0.0
0,466,1591,0.0
0,443,1561,0.0
0,238,1396,0.0
0,-16,1035,0.0
0,-243,712,0.0
0,-402,400,0.0
0,-521,167,0.0
0,-586,51,0.0
0,-608,-3,0.0
0,-589,16,0.0
0,-584,7,0.0
0,-8,0,0.0
0,-8,-6,0.0
0,-9,-48,0.0
0,-38,-285,0.0
0,-33,-491,0.0
0,-44,-738,0.0
0,-37,-990,0.0
0,-10,-1298,0.0
0,-14,-1757,0.0
0,1,-2155,0.0
0,8,-2445,0.0
0,14,-2828,0.0
0,34,-3176,0.0
0,51,-3661,0.0
0,22,-3676,0.0
0,13,-3705,0.0
0,-17,-3710,0.0
0,-39,-3741,0.0
0,-6,-8,0.0
0,-9,-20,0.0
0,55,68,0.0
0,239,391,0.0
0,490,770,0.0
0,730,1192,0.0
0,1000,1490,0.0
0,1244,1709,0.0
0,1449,1874,0.0
0,1621,1947,0.0
0,1834,2057,0.0
0,2013,2055,0.0
0,2142,2053,0.0
0,2182,2086,0.0
0,2190,2077,0.0
0,2186,2070,0.0
0,-9,0,0.0
0,-2,9,0.0
0,-1,19,0.0
0,-20,-25,0.0
0,-43,-48,0.0
0,-28,32,0.0
0,44,479,0.0
0,44,922,0.0
0,66,1339,0.0
0,63,1559,0.0
0,-12,1676,0.0
0,-145,1645,0.0
0,-259,1657,0.0
0,-344,1701,0.0
0,-424,1687,0.004959820594273342
0,-525,1606,0.0
0,-626,1503,0.0
0,-692,1416,0.0
0,-904,1138,0.0
0,-1143,835,0.0
0,-1387,608,0.004959820594273342
0,-1571,410,0.0
0,-1717,282,0.0
0,-1904,7,0.0
0,-1966,-65,0.0
0,-1939,-30,0.0
0,-1928,-19,0.0
0,-5,0,0.0
0,-7,-14,0.0
0,-4,-9,0.0
0,51,122,0.0
0,228,488,0.0
0,406,917,0.0
0,566,1275,0.0
0,683,1580,0.0
0,769,1924,0.0
0,861,2173,0.0
0,869,2225,0.0
0,863,2214,0.0
0,865,2222,0.0
0,871,2230,0.0
0,881,2235,0.0
0,873,2238,0.0
0,868,2235,1.1010801719286818
0,865,2252,6.9139899084170375
0,835,2222,7.2958960941760855
0,841,2220,8.322578957190666
0,846,2227,8.585449448687154
0,873,2256,9.0417529433603
0,866,2203,9.413739487930801
0,862,2184,11.625819472976712
0,862,2183,11.630779293570985
0,862,2183,11.630779293570985
0,862,2183,11.630779293570985
0,862,2183,11.645658755353805
0,858,2180,11.655578396542353
0,851,2165,11.660538217136626
0,852,2173,11.650618575948078
0,864,2208,11.615899831788166
0,855,2212,11.605980190599618
0,873,2225,11.601020370005346
0,872,2227,11.601020370005346
0,872,2227,11.601020370005346
0,872,2227,11.601020370005346
0,872,2227,11.596060549411073
0,872,2227,11.601020370005346
0,872,2227,11.601020370005346
0,872,2227,11.601020370005346
0,872,2227,11.601020370005346
0,872,2227,11.601020370005346
0,866,2214,11.615899831788166
0,876,2134,11.715096243673631
0,884,2045,11.824212296747646
0,899,1968,12.09700242943268
0,900,1914,12.176359558941053
0,887,1846,12.697140721339753
0,892,1853,12.017645299924306
0,832,1804,12.002765838141485
0,813,1784,11.99284619695294
0,767,1738,11.982926555764394
0,717,1680,11.977966735170119
0,651,1600,11.973006914575846
0,568,1480,11.973006914575846
0,450,1316,11.9630872733873
0,297,1077,11.958127452793025
0,150,825,11.93332834982166
0,-19,559,11.918448888038839
0,-231,180,11.898609605661745
0,-345,-76,11.90356942625602
0,-299,51,11.90356942625602
0,-395,-109,11.849011399719013
0,-517,-286,11.779573911399186
0,-661,-539,11.720056064267906
0,-715,-605,11.68037749951372
0,-790,-713,11.630779293570985
0,-844,-782,11.571261446439705
0,-894,-839,11.53158288168552
0,-917,-875,11.521663240496972
0,-934,-908,11.511743599308426
0,-979,-1014,11.511743599308426
0,-1044,-1188,11.526623061091245
0,-1104,-1351,11.541502522874065
0,-1147,-1497,11.556381984656886
0,-1190,-1626,11.566301625845432
0,-1221,-1757,11.581181087628252
0,-1257,-1875,11.586140908222525
0,-1279,-1969,11.591100728816798
0,-1294,-2057,11.601020370005346
0,-1306,-2148,11.610940011193891
0,-1306,-2200,11.620859652382439
0,-1305,-2219,11.620859652382439
0,-1305,-2219,11.625819472976712
0,-1305,-2219,11.620859652382439
0,-1305,-2219,11.625819472976712
0,-8,1,0.0
0,-15,-10,0.0
0,-17,-10,0.0
0,-49,-96,0.0
0,-198,-427,0.004959820594273342
0,-315,-711,0.0
0,-271,-493,0.0
0,-225,-359,0.0
0,-83,25,0.0
0,-75,87,0.009919641188546683
0,-122,24,0.024799102971366706
0,-127,48,-5.89226686599673
0,-126,33,-5.897226686591003
0,-126,-27,-5.897226686591003
0,-125,-32,-5.89226686599673
0,-130,-21,-3.6405083161966325
0,-131,-5,2.832057559330078
0,-131,6,3.2883610540032255
0,-131,18,2.777499532793071
0,-131,27,2.559267426645044
0,-130,33,2.559267426645044
0,-129,29,2.559267426645044
0,-127,1,2.554307606050771
0,-127,-37,2.559267426645044
0,-127,-70,2.559267426645044
0,-128,-63,2.559267426645044
0,-128,-89,2.559267426645044
0,-127,-110,2.559267426645044
0,-127,-84,2.559267426645044
0,-128,-73,2.559267426645044
0,-128,-82,2.554307606050771
0,-131,-68,2.559267426645044
0,-9,0,0.0
0,-7,-6,0.0
0,-7,-6,0.0
0,-6,-19,0.0
0,-116,-268,-0.004959820594273342
0,-384,-1069,0.0
0,-578,-1689,0.0
0,-714,-2065,0.0
0,-868,-2425,0.0
0,-980,-2576,-0.004959820594273342
0,-1026,-2645,0.0
0,-1038,-2656,-0.004959820594273342
0,-1036,-2650,-0.004959820594273342
0,-1036,-2650,0.0
0,-1036,-2650,0.0
0,-1035,-2650,0.0
0,-1035,-2650,0.0
0,-1035,-2650,0.0
0,-1035,-2650,0.0
0,-1035,-2650,0.0
0,-1035,-2650,0.0
0,-1035,-2650,0.0
0,-1035,-2650,-0.004959820594273342
0,-1035,-2650,0.0
0,-1035,-2650,0.0
0,-1035,-2650,0.0
0,-1035,-2650,0.0
0,-1035,-2650,0.0
0,-1035,-2650,0.0
0,-1035,-2650,-0.004959820594273342
0,-1035,-2650,-0.004959820594273342
0,-1035,-2650,-0.009919641188546683
0,-1035,-2650,-0.004959820594273342
0,-1027,-2644,0.7042945243868145
0,-1022,-2631,-0.009919641188546683
0,-1002,-2609,-0.03967856475418673
0,-966,-2563,-0.054558026537006754
0,-920,-2518,-0.054558026537006754
0,-867,-2458,-0.04959820594273341
0,-805,-2374,-0.054558026537006754
0,-750,-2309,-0.054558026537006754
0,-702,-2246,-0.04463838534846007
0,-676,-2216,-0.03967856475418673
0,-660,-2190,-0.04959820594273341
0,-663,-2189,-0.06943748831982678
0,-673,-2168,-0.17359372079956695
0,-697,-2138,-0.32238833862776717
0,-748,-2161,-0.3719865445705006
0,-817,-2248,-0.3719865445705006
0,-895,-2348,-0.3769463651647739
0,-984,-2450,-0.34222762100486054
0,-1053,-2534,-0.3273481592220405
0,-1101,-2567,-0.35214726219340725
0,-1103,-2560,-0.4116651093246873
0,-1113,-2503,-0.5902186507185276
0,-1129,-2458,-0.7241338067639078
0,-1108,-2420,-0.7538927303295478
0,-1041,-2364,-0.7538927303295478
0,-964,-2278,-0.7439730891410012
0,-876,-2190,-0.7439730891410012
0,-808,-2103,-0.7489329097352746
0,-759,-2038,-0.7489329097352746
0,-757,-2006,-0.8580489628092881
0,-765,-1936,-1.0514819659859485
0,-781,-1921,-1.1010801719286818
0,-865,-2016,-1.135798916088595
0,-970,-2130,-1.130839095494322
0,-1038,-2211,-1.091160530740135
0,-1109,-2292,-1.0812408895515884
0,-1159,-2333,-1.0812408895515884
0,-1163,-2337,-1.091160530740135
0,-1163,-2302,-1.220115866191242
0,-1170,-2250,-1.3639506634251688
0,-1171,-2234,-0.7687721921123679
0,-1104,-2173,-1.423468510556449
0,-1023,-2073,-1.438347972339269
0,-914,-1961,-1.4581872547163623
0,-830,-1851,-1.4631470753106357
0,-785,-1796,-1.4631470753106357
0,-780,-1783,-1.4929059988762758
0,-781,-1739,-1.611941693138836
0,-781,-1706,-1.6813791814586627
0,-810,-1722,-1.730977387401396
0,-890,-1814,-1.7111381050243029
0,-974,-1901,-1.7260175668071227
0,-1032,-1981,-1.7111381050243029
0,-1106,-2041,-1.7111381050243029
0,-1147,-2100,-1.6764193608643894
0,-1180,-2148,-1.6516202578930226
0,-1181,-2113,-1.7508166697784895
0,-1178,-2050,-1.9095309287952364
0,-1170,-2035,-1.9244103905780565
0,-1106,-1962,-1.9541693141436964
0,-1020,-1884,-1.9591291347379698
0,-913,-1761,-1.9392898523608764
0,-819,-1648,-1.9789684171150632
0,-765,-1568,-1.9938478788978833
0,-768,-1568,-2.008727340680703
0,-765,-1532,-2.1079237525661703
0,-754,-1482,-2.2021603438573636
0,-748,-1453,-2.251758549800097
0,-809,-1514,-2.2765576527714635
0,-904,-1632,-2.2567183703943705
0,-1018,-1754,-2.251758549800097
0,-1102,-1847,-2.2269594468287304
0,-1156,-1913,-2.2021603438573636
0,-1155,-1888,-2.2765576527714635
0,-1142,-1821,-2.430312091193937
0,-1139,-1797,-1.9740085965207899
0,-1119,-1779,-1.671459540270116
0,-1081,-1749,-2.4799102971366707
0,-975,-1625,-2.4898299383252174
0,-852,-1500,-2.499749579513764
0,-759,-1366,-2.524548682485131
0,-717,-1306,-2.5344683236736776
0,-709,-1257,-2.6336647355591443
0,-679,-1172,-2.7427807886331577
0,-726,-1227,-2.732861147444611
0,-849,-1382,-2.7427807886331577
0,-972,-1521,-2.708062044473244
0,-1069,-1631,-2.6931825826904245
0,-1108,-1667,-2.732861147444611
0,-1100,-1630,-2.8221379181415314
0,-1063,-1561,-2.876695944678538
0,-979,-1483,-2.891575406461358
0,-880,-1375,-2.8618164828957178
0,-772,-1253,-2.866776303489991
0,-707,-1166,-2.8717361240842645
0,-650,-1068,-2.9114146888384513
0,-643,-1051,-2.9312539712155448
0,-643,-1051,-2.9262941506212714
0,-643,-1051,-2.921334330026998
0,-643,-1051,-2.9262941506212714
0,-643,-1051,-2.9262941506212714
0,-9,0,0.0
0,-9,-6,0.0
0,-39,-79,0.0
0,-243,-670,0.0
0,-425,-1339,0.0
0,-607,-1928,0.0
0,-803,-2326,0.0
0,-883,-2517,0.0
0,-931,-2589,0.0
0,-929,-2603,0.0
0,-936,-2618,0.0
0,-943,-2618,0.004959820594273342
0,-943,-2618,0.0
0,-943,-2618,0.0
0,-943,-2618,0.0
0,-943,-2618,0.0
0,-943,-2618,0.0
0,-943,-2618,0.0
0,-943,-2618,0.0
0,-943,-2618,0.0
0,-943,-2618,0.0
0,-943,-2618,0.0
0,-943,-2618,0.0
0,-943,-2618,0.0
0,-943,-2618,0.0
0,-943,-2618,0.004959820594273342
0,-943,-2618,0.0
0,-943,-2618,-0.004959820594273342
0,-931,-2602,-0.009919641188546683
0,-891,-2550,-0.04959820594273341
0,-820,-2477,-0.02975892356564005
0,-769,-2413,-0.04959820594273341
0,-712,-2350,-0.03471874415991339
0,-666,-2293,-0.03471874415991339
0,-609,-2214,-0.03471874415991339
0,-603,-2210,-0.03967856475418673
0,-606,-2205,-0.03967856475418673
0,-606,-2205,-0.04959820594273341
0,-594,-2189,-0.04959820594273341
0,-592,-2186,-0.04959820594273341
0,-592,-2186,-0.0595178471312801
0,-684,-2263,-0.14879461782820025
0,-794,-2404,-0.1339151560453802
0,-850,-2490,-0.07439730891410012
0,-846,-2490,-0.07439730891410012
0,-847,-2490,-0.07439730891410012
0,-847,-2490,-0.07439730891410012
0,-847,-2490,-0.07439730891410012
0,-847,-2490,-0.07439730891410012
0,-847,-2490,-0.07439730891410012
0,-9,0,0.0
0,14,17,-0.009919641188546683
0,57,63,-0.009919641188546683
0,98,113,-0.014879461782820024
0,153,171,-0.019839282377093367
0,199,235,-0.02975892356564005
0,242,284,-0.02975892356564005
0,239,285,-0.03471874415991339
0,238,285,-0.02975892356564005
0,238,285,-0.03471874415991339
0,238,285,-0.03471874415991339
0,238,285,-0.03471874415991339
0,-8,-1,0.0
0,-8,-10,0.0
0,-8,-10,0.004959820594273342
0,-75,-234,0.0
0,-234,-737,0.0
0,-473,-1505,0.0
0,-752,-2202,0.0
0,-899,-2461,0.0
0,-1017,-2620,0.0
0,-1023,-2651,0.004959820594273342
0,-1021,-2637,0.004959820594273342
0,-1029,-2637,0.009919641188546683
0,-1029,-2637,0.004959820594273342
0,-1029,-2637,0.0
0,-1029,-2637,0.004959820594273342
0,-1029,-2637,0.004959820594273342
0,-1029,-2637,0.004959820594273342
0,-1029,-2637,0.004959820594273342
0,-1029,-2637,0.0
0,-1003,-2611,-0.004959820594273342
0,-960,-2560,-0.004959820594273342
0,-906,-2500,-0.019839282377093367
0,-860,-2447,-0.009919641188546683
0,-805,-2391,-0.009919641188546683
0,-761,-2323,-0.024799102971366706
0,-714,-2268,-0.024799102971366706
0,-679,-2223,-0.019839282377093367
0,-643,-2176,-0.019839282377093367
0,-646,-2176,-0.02975892356564005
0,-650,-2153,-0.10911605307401351
0,-660,-2145,-0.16367407961102026
0,-670,-2118,-0.2628704914964871
0,-679,-2090,-0.35214726219340725
0,-682,-2088,-0.3620669033819539
0,-745,-2153,-0.3967856475418673
0,-818,-2232,-0.40174546813614065
0,-876,-2310,-0.3967856475418673
0,-942,-2385,-0.38686600635332064
0,-1008,-2444,-0.40174546813614065
0,-1067,-2505,-0.40174546813614065
0,-1079,-2516,-0.3967856475418673
0,-1084,-2524,-0.40174546813614065
0,-1094,-2518,-0.4563034946731474
0,-1103,-2490,-0.5554999065586143
0,-1114,-2455,-0.6745356008211745
0,-1123,-2415,-0.7935712950837346
0,-1127,-2403,-0.828290039243648
0,-1092,-2364,-0.8332498598379213
0,-1057,-2332,-0.8382096804321947
0,-1000,-2276,-0.8382096804321947
0,-951,-2226,-0.8332498598379213
0,-899,-2172,-0.828290039243648
0,-847,-2107,-0.843169501026468
0,-798,-2045,-0.828290039243648
0,-771,-2009,-0.843169501026468
0,-746,-1992,-0.8233302186493746
0,-739,-1970,-0.8481293216207414
0,-744,-1958,-0.9076471687520214
0,-746,-1929,-0.9870042982603949
0,-747,-1891,-1.1109998131172285
0,-747,-1847,-1.220115866191242
0,-747,-1822,-1.2697140721339755
0,-757,-1827,-1.279633713322522
0,-810,-1891,-1.2994729956996154
0,-883,-1967,-1.3044328162938887
0,-969,-2061,-1.309392636888162
0,-1057,-2148,-1.3143524574824355
0,-1123,-2216,-1.2994729956996154
0,-1151,-2241,-1.2895533545110687
0,-1156,-2249,-1.2994729956996154
0,-1158,-2233,-1.3689104840194422
0,-1161,-2203,-1.4482676135278156
0,-1162,-2170,-1.5375443842247358
0,-1162,-2139,-1.6169015137331093
0,-1160,-2134,-1.626821154921656
0,-1113,-2078,-1.641700616704476
0,-1042,-2018,-1.641700616704476
0,-968,-1932,-1.6466604372987492
0,-897,-1866,-1.6317809755159294
0,-827,-1792,-1.611941693138836
0,-781,-1736,-1.6169015137331093
0,-751,-1701,-1.6069818725445626
0,-749,-1693,-1.626821154921656
0,-752,-1666,-1.7210577462128493
0,-752,-1616,-1.7756157727498563
0,-744,-1569,-1.7805755933441296
0,-744,-1561,-1.7805755933441296
0,-776,-1593,-1.7756157727498563
0,-881,-1691,-1.7805755933441296
0,-960,-1779,-1.7756157727498563
0,-1055,-1871,-1.7756157727498563
0,-1117,-1935,-1.7805755933441296
0,-1143,-1965,-1.7756157727498563
0,-1143,-1965,-1.7805755933441296
0,-1143,-1944,-1.7805755933441296
0,-1136,-1897,-1.7805755933441296
0,-1131,-1854,-1.7805755933441296
0,-1129,-1831,-1.7805755933441296
0,-1125,-1808,-1.7805755933441296
0,-1099,-1783,-1.7805755933441296
0,-1016,-1717,-1.7805755933441296
0,-938,-1626,-1.7805755933441296
0,-848,-1543,-1.7756157727498563
0,-794,-1470,-1.7805755933441296
0,-760,-1422,-1.7805755933441296
0,-718,-1375,-1.7805755933441296
0,-714,-1364,-1.7756157727498563
0,-698,-1319,-1.7805755933441296
0,-689,-1276,-1.7805755933441296
0,-667,-1179,-1.7805755933441296
0,-641,-1094,-1.7805755933441296
0,-625,-1048,-1.7805755933441296
0,-623,-1041,-1.7756157727498563
0,-623,-1041,-1.7805755933441296
0,-625,-1041,-1.7805755933441296
0,-658,-1066,-1.7805755933441296
0,-714,-1157,-1.7805755933441296
0,-778,-1231,-1.7756157727498563
0,-843,-1318,-1.7756157727498563
0,-906,-1393,-1.7805755933441296
0,-968,-1453,-1.7756157727498563
0,-1013,-1498,-1.7756157727498563
0,-1045,-1527,-1.7805755933441296
0,-1060,-1544,-1.7756157727498563
0,-1060,-1544,-1.7805755933441296
0,-1060,-1543,-1.7756157727498563
0,-1060,-1542,-1.7805755933441296
0,-1057,-1538,-1.7756157727498563
0,-1056,-1537,-1.7805755933441296
0,-1057,-1537,-1.7756157727498563
0,-1057,-1537,-1.7805755933441296
0,-1062,-1548,-1.7805755933441296
0,-1066,-1544,-1.7805755933441296
0,-1053,-1535,-1.7805755933441296
0,-1061,-1546,-1.7805755933441296
0,-1067,-1548,-1.7805755933441296
0,-1063,-1541,-1.7805755933441296
0,-1067,-1546,-1.7805755933441296
0,-1060,-1546,-1.7756157727498563
0,-1058,-1536,-1.7805755933441296
0,-1060,-1540,-1.7805755933441296
0,-1060,-1540,-1.7756157727498563
0,-1060,-1540,-1.7756157727498563
0,-10,-12,0.0
0,-124,-382,0.0
0,-382,-1184,0.0
0,-721,-2027,-0.004959820594273342
0,-899,-2377,0.0
0,-1001,-2535,-0.004959820594273342
0,-1020,-2552,0.0
0,-1021,-2574,0.0
0,-1021,-2573,0.0
0,-1020,-2575,0.0
0,-1020,-2575,0.0
0,-1020,-2575,0.0
0,-1020,-2575,-0.004959820594273342
0,-1020,-2575,0.0
0,-1020,-2575,0.0
0,-1020,-2575,0.0
0,-1020,-2575,0.0
0,-1020,-2575,0.0
0,-1020,-2575,0.0
0,-1020,-2575,0.0
0,-1020,-2575,0.0
0,-1020,-2575,0.0
0,-1020,-2572,-0.014879461782820024
0,-1017,-2554,-0.04959820594273341
0,-964,-2504,-0.03471874415991339
0,-896,-2434,-0.02975892356564005
0,-849,-2372,-0.054558026537006754
0,-780,-2284,-0.04959820594273341
0,-732,-2228,-0.054558026537006754
0,-685,-2161,-0.04959820594273341
0,-656,-2127,-0.04959820594273341
0,-644,-2107,-0.06447766772555344
0,-652,-2097,-0.13887497663965356
0,-662,-2047,-0.2876695944678538
0,-676,-2026,-0.3719865445705006
0,-680,-2022,-0.38686600635332064
0,-706,-2040,-0.40174546813614065
0,-774,-2125,-0.4116651093246873
0,-847,-2212,-0.406705288730414
0,-904,-2280,-0.3967856475418673
0,-976,-2361,-0.391825826947594
0,-1072,-2451,-0.41662492991896066
0,-1088,-2460,-0.41662492991896066
0,-1095,-2464,-0.48110259764451413
0,-1105,-2422,-0.6050981125013476
0,-1114,-2382,-0.7241338067639078
0,-1121,-2342,-0.8382096804321947
0,-1132,-2311,-0.9473257335062082
0,-1133,-2303,-0.9671650158833016
0,-1083,-2235,-1.0018837600432149
0,-1017,-2183,-0.9820444776661216
0,-954,-2105,-0.9919641188546683
0,-890,-2041,-0.9969239394489416
0,-829,-1973,-0.9721248364775749
0,-771,-1906,-0.9671650158833016
0,-755,-1880,-0.9820444776661216
0,-739,-1858,-0.9870042982603949
0,-744,-1855,-1.0266828630145817
0,-747,-1832,-1.0812408895515884
0,-747,-1798,-1.2101962250026952
0,-747,-1757,-1.2994729956996154
0,-747,-1714,-1.4036292281793556
0,-747,-1706,-1.4135488693679024
0,-796,-1759,-1.4433077929335423
0,-873,-1839,-1.4482676135278156
0,-937,-1909,-1.4433077929335423
0,-1013,-1999,-1.4333881517449956
0,-1063,-2038,-1.453227434122089
0,-1108,-2082,-1.4581872547163623
0,-1137,-2110,-1.4482676135278156
0,-1160,-2139,-1.4433077929335423
0,-1159,-2139,-1.4433077929335423
0,-1162,-2116,-1.5177051018476424
0,-1164,-2090,-1.6020220519502892
0,-1165,-2052,-1.7061782844300295
0,-1162,-2009,-1.7954550551269495
0,-1155,-1999,-1.8103345169097695
0,-1097,-1939,-1.8103345169097695
0,-998,-1861,-1.7805755933441296
0,-935,-1790,-1.7954550551269495
0,-864,-1708,-1.7904952345326763
0,-794,-1629,-1.785535413938403
0,-760,-1575,-1.7904952345326763
0,-747,-1561,-1.8053746963154962
0,-752,-1561,-1.8202541580983163
0,-752,-1535,-1.904571108200963
0,-741,-1480,-2.01864698186925
0,-734,-1442,-2.09304429078335
0,-721,-1377,-2.236879088017277
0,-716,-1356,-2.2418389086115504
0,-752,-1387,-2.266638011582917
0,-854,-1499,-2.2914371145542836
0,-959,-1620,-2.3013567557428303
0,-1042,-1696,-2.3013567557428303
0,-1085,-1750,-2.2914371145542836
0,-1124,-1788,-2.28647729396001
0,-1123,-1788,-2.28647729396001
0,-1124,-1769,-2.3459951410912905
0,-1121,-1735,-2.430312091193937
0,-1107,-1675,-2.554307606050771
0,-1093,-1622,-2.658463838530511
0,-1079,-1561,-2.7675798916045244
0,-1072,-1533,-2.8270977387358047
0,-1069,-1518,-2.8618164828957178
0,-1068,-1506,-2.881655765272811
0,-1067,-1498,-2.8965352270556313
0,-1054,-1472,-2.9262941506212714
0,-1052,-1471,-2.9114146888384513
0,-1017,-1452,-2.8866155858670846
0,-957,-1401,-2.8717361240842645
0,-892,-1338,-2.851896841707171
0,-824,-1259,-2.8270977387358047
0,-760,-1187,-2.8370173799243514
0,-721,-1137,-2.8270977387358047
0,-676,-1073,-2.846937021112898
0,-659,-1050,-2.8568566623014444
0,-642,-1016,-2.876695944678538
0,-627,-988,-2.8965352270556313
0,-620,-974,-2.9014950476499046
0,-620,-974,-2.9014950476499046
0,-620,-974,-2.9014950476499046
0,-620,-974,-2.9014950476499046
0,-620,-974,-2.9014950476499046
0,-620,-974,-2.9014950476499046
0,-621,-974,-2.8965352270556313
0,-621,-974,-2.8965352270556313
0,-51,49,0.0
0,-51,49,0.0
0,-52,49,0.0
0,-72,-21,0.0
0,-90,-145,0.0
0,-182,-546,0.0
0,-347,-1072,0.0
0,-471,-1485,0.0
0,-609,-1841,0.0
0,-757,-2124,0.0
0,-867,-2312,0.0
0,-932,-2420,0.0
0,-965,-2464,0.0
0,-971,-2473,0.0
0,-978,-2480,0.0
0,-989,-2487,0.0
0,-989,-2486,0.0
0,-988,-2485,0.0
0,-988,-2485,0.0
0,-988,-2485,0.0
0,-988,-2485,0.0
0,-988,-2485,0.0
0,-988,-2485,0.0
0,-989,-2485,0.0
0,-989,-2485,0.0
0,-989,-2485,0.0
0,-989,-2485,0.0
0,-989,-2485,0.0
0,-989,-2485,0.0
0,-989,-2485,0.0
0,-973,-2470,0.0
0,-936,-2427,0.0
0,-902,-2378,0.0
0,-855,-2318,0.0
0,-817,-2276,0.0
0,-773,-2230,0.0
0,-737,-2176,0.0
0,-704,-2135,0.0
0,-670,-2102,0.0
0,-645,-2061,0.0
0,-627,-2029,0.0
0,-619,-2013,0.0
0,-619,-2013,0.0
0,-621,-2003,0.0
0,-627,-1998,0.0
0,-629,-1969,0.0
0,-634,-1952,0.0
0,-640,-1932,0.0
0,-641,-1931,0.0
0,-668,-1957,0.0
0,-744,-2046,0.0
0,-794,-2112,0.0
0,-851,-2177,0.0
0,-902,-2248,0.0
0,-949,-2302,0.0
0,-990,-2351,0.0
0,-1021,-2385,0.0
0,-1038,-2414,0.0
0,-1041,-2416,0.0
0,-1042,-2417,0.0
0,-1053,-2410,0.0
0,-1058,-2391,0.0
0,-1067,-2365,0.0
0,-1074,-2342,0.0
0,-1077,-2333,0.0
0,-1076,-2327,0.0
0,-1054,-2304,0.0
0,-1003,-2247,0.0
0,-961,-2194,0.0
0,-902,-2138,0.0
0,-854,-2072,0.0
0,-797,-2005,0.0
0,-766,-1963,0.0
0,-723,-1918,0.0
0,-700,-1892,0.0
0,-682,-1868,0.0
0,-681,-1866,0.0
0,-682,-1857,0.0
0,-687,-1841,0.0
0,-690,-1818,0.0
0,-691,-1800,0.0
0,-692,-1791,0.0
0,-712,-1812,0.0
0,-778,-1874,0.0
0,-835,-1950,0.0
0,-905,-2032,0.0
0,-976,-2116,0.0
0,-1029,-2186,0.0
0,-1054,-2205,0.0
0,-1085,-2239,0.0
0,-1103,-2261,0.0
0,-1104,-2262,0.0
0,-1104,-2262,0.0
0,-1104,-2242,0.0
0,-1105,-2206,0.0
0,-1110,-2183,0.0
0,-1112,-2174,0.0
0,-1100,-2158,0.0
0,-1057,-2114,0.0
0,-1000,-2043,0.0
0,-944,-1985,0.0
0,-878,-1910,0.0
0,-826,-1853,0.0
0,-787,-1804,0.0
0,-730,-1741,0.0
0,-729,-1734,0.0
0,-723,-1721,0.0
0,-719,-1712,0.0
0,-715,-1706,0.0
0,-714,-1698,0.0
0,-716,-1676,0.0
0,-715,-1640,0.0
0,-715,-1618,0.0
0,-715,-1582,0.0
0,-721,-1581,0.0
0,-785,-1648,0.0
0,-843,-1725,0.0
0,-911,-1806,0.0
0,-984,-1894,0.0
0,-1043,-1954,0.0
0,-1097,-2018,0.0
0,-1136,-2059,0.0
0,-1136,-2059,0.0
0,-1136,-2058,0.0
0,-1136,-2040,0.0
0,-1136,-2006,0.0
0,-1134,-1972,0.0
0,-1133,-1953,0.0
0,-1132,-1934,0.0
0,-1130,-1928,0.0
0,-1101,-1894,0.0
0,-1052,-1852,0.0
0,-1001,-1792,0.0
0,-948,-1744,0.0
0,-897,-1690,0.0
0,-844,-1623,0.0
0,-796,-1575,0.0
0,-764,-1538,0.0
0,-725,-1495,0.0
0,-715,-1479,0.0
0,-714,-1476,0.0
0,-708,-1452,0.0
0,-707,-1431,0.0
0,-703,-1395,0.0
0,-691,-1338,0.0
0,-686,-1314,0.0
0,-692,-1314,0.0
0,-728,-1351,0.0
0,-784,-1411,0.0
0,-852,-1505,0.0
0,-928,-1591,0.0
0,-999,-1676,0.0
0,-1055,-1739,0.0
0,-1074,-1763,0.0
0,-1105,-1790,0.0
0,-1118,-1800,0.0
0,-1134,-1827,0.0
0,-1133,-1818,0.0
0,-1129,-1794,0.0
0,-1125,-1772,0.0
0,-1118,-1741,0.0
0,-1114,-1714,0.0
0,-1110,-1692,0.0
0,-1109,-1688,0.0
0,-1097,-1671,0.0
0,-1033,-1616,0.0
0,-967,-1542,0.0
0,-900,-1479,0.0
0,-844,-1413,0.0
0,-783,-1349,0.0
0,-726,-1287,0.0
0,-691,-1234,0.0
0,-679,-1226,0.0
0,-673,-1216,0.0
0,-667,-1208,0.0
0,-665,-1198,0.0
0,-660,-1174,0.0
0,-652,-1141,0.0
0,-637,-1081,0.0
0,-630,-1062,0.0
0,-649,-1080,0.0
0,-687,-1125,0.0
0,-744,-1190,0.0
0,-813,-1284,0.0
0,-867,-1350,0.0
0,-927,-1423,0.0
0,-986,-1481,0.0
0,-1033,-1536,0.0
0,-1047,-1554,0.0
0,-1066,-1571,0.0
0,-1073,-1571,0.0
0,-1083,-1579,0.0
0,-1083,-1574,0.0
0,-1076,-1544,0.0
0,-1074,-1526,0.0
0,-1066,-1493,0.0
0,-1059,-1470,0.0
0,-1054,-1444,0.0
0,-1050,-1434,0.0
0,-1048,-1431,0.0
0,-1014,-1402,0.0
0,-984,-1377,0.0
0,-946,-1335,0.0
0,-907,-1292,0.0
0,-866,-1241,0.0
0,-821,-1187,0.0
0,-779,-1138,0.0
0,-734,-1075,0.0
0,-693,-1027,0.0
0,-657,-972,0.0
0,-634,-946,0.0
0,-610,-913,0.0
0,-581,-875,0.0
0,-575,-863,0.0
0,-570,-855,0.0
0,-570,-855,0.0
0,-570,-855,0.0
0,-570,-855,0.0
0,-570,-855,0.0
0,-570,-855,0.0
0,-570,-855,0.0
0,-570,-855,0.0
0,-5,0,0.0
0,-5,-7,0.0
0,-5,-7,0.0
0,-5,9,-0.19343300317666032
0,-5,102,-0.6695757802269011
0,-5,172,-0.9721248364775749
0,-5,190,-1.0366025042031284
0,-5,190,-1.0366025042031284
0,-5,190,-1.0366025042031284
0,-4,190,-1.0366025042031284
0,-10,-1,0.0
0,-13,-11,0.0
0,-9,-11,0.0
0,-77,-201,0.0
0,-288,-745,0.0
0,-441,-1294,0.0
0,-615,-1740,0.0
0,-725,-2048,0.0
0,-858,-2355,0.0
0,-924,-2472,0.0
0,-935,-2512,0.0
0,-947,-2514,0.0
0,-950,-2517,0.0
0,-950,-2517,0.0
0,-950,-2517,0.0
0,-950,-2517,0.0
0,-950,-2517,0.0
0,-950,-2517,0.0
0,-950,-2517,0.0
0,-950,-2517,0.0
0,-950,-2517,0.0
0,-950,-2517,0.0
0,-950,-2517,0.0
0,-950,-2511,-0.06943748831982678
0,-924,-2479,-0.06943748831982678
0,-871,-2417,-0.07439730891410012
0,-834,-2375,-0.09423659129119348
0,-796,-2321,-0.09423659129119348
0,-750,-2275,-0.06943748831982678
0,-706,-2210,-0.08431695010264681
0,-663,-2162,-0.06943748831982678
0,-629,-2123,-0.014879461782820024
0,-604,-2092,0.0
0,-579,-2056,-0.004959820594273342
0,-572,-2045,-0.009919641188546683
0,-568,-2037,-0.024799102971366706
0,-568,-2037,-0.02975892356564005
0,-568,-2037,-0.03471874415991339
0,-575,-2024,-0.16367407961102026
0,-579,-2003,-0.31742851803349387
0,-590,-1979,-0.5158213418044275
0,-593,-1959,-0.6348570360669877
0,-594,-1956,-0.6497364978498077
0,-634,-1987,-0.6894150626039944
0,-682,-2059,-0.6993347037925411
0,-746,-2129,-0.7191739861696345
0,-797,-2196,-0.7241338067639078
0,-864,-2272,-0.7092543449810879
0,-919,-2339,-0.6844552420097211
0,-952,-2386,-0.6794954214154477
0,-985,-2422,-0.6497364978498077
0,-1004,-2442,-0.6447766772555343
0,-1003,-2442,-0.6794954214154477
0,-1014,-2418,-0.8828480657806548
0,-1024,-2396,-1.061401607174495
0,-1030,-2372,-1.2300355073797886
0,-1036,-2353,-1.3391515604538022
0,-1039,-2344,-1.3986694075850823
0,-1016,-2314,-1.408589048773629
0,-987,-2287,-1.393709586990809
0,-950,-2249,-1.3986694075850823
0,-909,-2201,-1.3887497663965356
0,-862,-2152,-1.3837899458022622
0,-815,-2098,-1.349071201642349
0,-767,-2046,-1.3292319192652555
0,-725,-1996,-1.294513175105342
0,-682,-1946,-1.279633713322522
0,-657,-1918,-1.2746738927282488
0,-645,-1900,-1.2746738927282488
0,-640,-1891,-1.279633713322522
0,-640,-1891,-1.2845935339167953
0,-640,-1886,-1.3441113810480756
0,-644,-1866,-1.4780265370934558
0,-650,-1833,-1.6813791814586627
0,-650,-1816,-1.7904952345326763
0,-650,-1787,-1.9244103905780565
0,-650,-1784,-1.9293702111723299
0,-681,-1815,-1.949209493549423
0,-731,-1870,-1.9640889553322431
0,-778,-1934,-1.9541693141436964
0,-813,-1976,-1.9690487759265165
0,-886,-2045,-2.0136871612749765
0,-938,-2117,-1.9988076994921566
0,-994,-2170,-1.9988076994921566
0,-1033,-2215,-1.9938478788978833
0,-1061,-2239,-2.0037675200864298
0,-1070,-2251,-1.9988076994921566
0,-1074,-2253,-2.06328536721771
0,-1079,-2231,-2.236879088017277
0,-1080,-2203,-2.3707942440626573
0,-1084,-2184,-2.5047094001080374
0,-1087,-2164,-2.6386245561534176
0,-1087,-2155,-2.673343300313331
0,-1057,-2116,-2.698142403284698
0,-1018,-2078,-2.673343300313331
0,-971,-2032,-2.683262941501878
0,-910,-1966,-2.643584376747691
0,-843,-1887,-2.6535040179362377
0,-786,-1827,-2.6336647355591443
0,-724,-1759,-2.5493477854564977
0,-686,-1721,-2.539428144267951
0,-683,-1708,-2.574146888427864
0,-680,-1692,-2.6634236591247844
0,-679,-1657,-2.846937021112898
0,-677,-1615,-3.065169127260925
0,-671,-1570,-3.2635619510318588
0,-670,-1562,-3.3082003363803185
0,-674,-1561,-3.298280695191772
0,-693,-1573,-3.3230797981631386
0,-740,-1635,-3.3379592599459587
0,-796,-1691,-3.357798542323052
0,-848,-1760,-3.3528387217287787
0,-899,-1817,-3.3528387217287787
0,-939,-1867,-3.3528387217287787
0,-977,-1907,-3.3528387217287787
0,-1016,-1944,-3.3528387217287787
0,-1053,-1983,-3.342919080540232
0,-1077,-2009,-3.3379592599459587
0,-1087,-2022,-3.328039618757412
0,-1099,-2033,-3.328039618757412
0,-1097,-2016,-3.4669145953970655
0,-1097,-1984,-3.645468136790906
0,-1097,-1956,-3.794262754619106
0,-1097,-1937,-3.9132984488816662
0,-1096,-1914,-4.027374322549953
0,-1095,-1900,-4.091851990275507
0,-1089,-1892,-4.101771631464053
0,-1066,-1865,-4.106731452058327
0,-1014,-1813,-4.086892169681233
0,-951,-1756,-4.062093066709867
0,-895,-1691,-4.047213604927046
0,-839,-1638,-4.02241450195568
0,-793,-1578,-4.002575219578587
0,-744,-1531,-3.9728162960129465
0,-692,-1479,-3.9132984488816662
0,-678,-1455,-3.9281779106644863
0,-671,-1446,-3.9331377312587597
0,-668,-1437,-3.9628966548244
0,-665,-1417,-4.06705288730414
0,-663,-1387,-4.240646608103707
0,-649,-1326,-4.448959073063187
0,-639,-1279,-4.607673332079934
0,-642,-1276,-4.592793870297114
0,-689,-1321,-4.6374322556455745
0,-765,-1418,-4.642392076239847
0,-819,-1485,-4.622552793862754
0,-872,-1549,-4.6374322556455745
0,-921,-1613,-4.612633152674207
0,-972,-1671,-4.5679947673257475
0,-1016,-1717,-4.577914408514294
0,-1046,-1744,-4.592793870297114
0,-1065,-1767,-4.57295458792002
0,-1071,-1777,-4.5679947673257475
0,-1072,-1770,-4.677110820399761
0,-1072,-1740,-4.845744720605055
0,-1065,-1700,-5.004458979621801
0,-1062,-1682,-5.098695570912995
0,-1059,-1674,-5.113575032695815
0,-1027,-1647,-5.088775929724449
0,-978,-1593,-5.078856288535902
0,-923,-1545,-5.039177723781715
0,-863,-1478,-4.999499159027528
0,-797,-1413,-4.974700056056161
0,-744,-1347,-4.944941132490522
0,-690,-1286,-4.930061670707701
0,-662,-1251,-4.915182208924882
0,-636,-1215,-4.905262567736335
0,-623,-1202,-4.895342926547788
0,-619,-1189,-4.944941132490522
0,-617,-1170,-5.049097364970262
0,-608,-1128,-5.212771444581282
0,-593,-1070,-5.381405344786575
0,-582,-1036,-5.475641936077769
0,-579,-1025,-5.505400859643409
0,-585,-1026,-5.485561577266315
0,-664,-1132,-5.545079424397596
0,-710,-1181,-5.535159783209049
0,-763,-1246,-5.530199962614776
0,-812,-1310,-5.545079424397596
0,-887,-1394,-5.540119603803323
0,-938,-1455,-5.540119603803323
0,-958,-1481,-5.530199962614776
0,-983,-1503,-5.540119603803323
0,-1012,-1524,-5.589717809746055
0,-1025,-1537,-5.579798168557509
0,-1027,-1542,-5.5847579891517825
0,-1027,-1529,-5.743472248168529
0,-1020,-1496,-5.842668660053996
0,-1015,-1478,-5.912106148373823
0,-1008,-1457,-5.991463277882197
0,-1006,-1446,-6.02618202204211
0,-1001,-1445,-5.99642309847647
0,-966,-1415,-5.971623995505103
0,-924,-1373,-5.95178471312801
0,-891,-1336,-5.946824892533736
0,-845,-1280,-5.926985610156643
0,-803,-1233,-5.926985610156643
0,-758,-1172,-5.936905251345189
0,-729,-1137,-5.936905251345189
0,-683,-1087,-5.912106148373823
0,-637,-1016,-5.9319454307509165
0,-591,-962,-5.907146327779549
0,-553,-905,-5.912106148373823
0,-542,-888,-5.926985610156643
0,-529,-869,-5.936905251345189
0,-523,-853,-5.96666417491083
0,-515,-840,-5.976583816099376
0,-515,-840,-5.971623995505103
0,-515,-840,-5.971623995505103
0,-515,-840,-5.971623995505103
0,-515,-840,-5.971623995505103
0,-515,-840,-5.971623995505103
0,-515,-840,-5.971623995505103
0,-515,-840,-5.971623995505103
