time, e0, e1, deflection
18.3310000896,432,1612,0.0446383853485
18.4270000458,433,1612,0.109116053074
18.5380001068,440,1628,0.287669594468
18.6349999905,462,1676,0.471182956456
18.731000185,477,1706,0.515821341804
18.8270001411,488,1735,0.54558026537
18.9400000572,505,1774,0.58029900953
19.0360000134,522,1808,0.575339188936
19.131000042,536,1839,0.51086152121
19.228000164,548,1865,0.446383853485
19.3389999866,561,1890,0.352147262193
19.4360001087,582,1934,0.163674079611
19.5320000648,603,1977,-0.0743973089141
19.628000021,625,2021,-0.277749953279
19.7400000095,648,2060,-0.352147262193
19.8360002041,673,2097,-0.282709773874
19.9320001602,699,2134,-0.168633900205
20.0290000439,726,2167,0.0148794617828
20.1400001049,755,2203,0.123995514857
20.2380001545,794,2250,0.143834797234
20.3330001831,824,2283,0.1735937208
20.4280002117,857,2316,0.243031209119
20.5400002003,890,2345,0.282709773874
20.6370000839,924,2375,0.252950850308
20.7330000401,957,2402,0.0396785647542
20.8289999962,982,2420,0.0396785647542
20.9409999847,1006,2434,0.0396785647542
21.0370001793,1057,2464,-0.10415623248
21.1340000629,1091,2474,0.1735937208
21.2300000191,1118,2477,0.436464212296
21.3260002136,1143,2484,0.198392823771
21.4380002022,1154,2489,0.0347187441599
21.5340001583,1154,2492,0.0347187441599
21.6300001144,1154,2492,0.0347187441599
21.7410001755,1154,2492,0.0347187441599
21.8389999866,1154,2492,0.0297589235656
21.9340000153,1154,2492,0.0347187441599
22.0310001373,1154,2492,0.0297589235656
22.1260001659,1154,2492,0.0347187441599
22.239000082,1154,2492,-0.0743973089141
22.3340001106,1160,2499,-0.505901700616
22.4309999943,1173,2511,-0.996923939449
22.5270001888,1184,2514,-1.08620071015
22.6390001774,1199,2518,-1.20523640441
22.7350001335,1209,2518,-1.20523640441
22.8310000896,1221,2518,-1.11595963371
22.9270000458,1234,2518,-0.907647168752
23.0390000343,1248,2512,-0.68445524201
23.1349999905,1266,2504,-0.58029900953
23.2320001125,1285,2494,-0.515821341804
23.3280000687,1302,2481,-0.446383853485
23.4420001507,1319,2464,-0.44142403289
23.5360000134,1330,2451,-0.436464212296
23.631000042,1337,2439,-0.362066903382
23.728000164,1341,2428,-0.297589235656
23.8400001526,1345,2417,-0.163674079611
23.9360001087,1347,2402,0.054558026537
24.0329999924,1348,2385,0.357107082788
24.1290001869,1347,2362,0.947325733506
24.2400000095,1342,2333,1.27963371332
24.3370001316,1340,2329,1.34411138105
24.4330000877,1339,2329,1.49290599888
24.5290000439,1331,2324,2.30631657634
24.6400001049,1315,2324,2.85189684171
24.7369999886,1308,2332,2.81717809755
24.8330001831,1306,2350,2.63366473556
24.9290001392,1297,2371,2.61382545318
25.0250000954,1291,2385,2.50470940011
25.1370000839,1283,2397,2.41047280882
25.2330000401,1276,2409,2.24679872921
25.3300001621,1267,2420,2.15256213791
25.4260001183,1254,2430,2.07320500841
25.5380001068,1239,2438,2.10792375257
25.6340000629,1222,2441,2.36087460287
25.7300000191,1192,2441,2.7675798916
25.8260002136,1172,2441,2.98581199775
25.9380002022,1154,2438,3.13460661558
26.0340001583,1138,2434,3.30324051579
26.1300001144,1119,2424,3.60578957204
26.2269999981,1102,2418,3.69506634273
26.3380000591,1084,2415,3.59091011025
26.4340000153,1064,2408,3.44707531302
26.5310001373,1040,2405,3.10484769202
26.6270000935,1005,2400,2.66838347972
26.7400000095,975,2387,2.48487011773
26.8340001106,941,2363,2.36583442347
26.9309999943,909,2338,2.38071388525
27.0270001888,880,2311,2.43031209119
27.1400001049,854,2283,2.58406652962
27.236000061,826,2249,2.76262007101
27.3320000172,798,2214,2.89157540646
27.4270000458,757,2160,2.93125397122
27.5400002003,728,2126,2.86677630349
27.6360001564,704,2092,2.82709773874
27.731000185,682,2062,2.76262007101
27.8280000687,662,2027,2.72790132685
27.9390001297,641,1990,2.63862455615
28.0360000134,618,1954,2.40055316763
28.1320002079,591,1911,2.10296393197
28.228000164,555,1851,1.85001308166
28.3400001526,529,1805,1.66153989908
28.4360001087,505,1758,1.63178097552
28.5320000648,487,1717,1.63178097552
28.6290001869,473,1679,1.66649971968
28.7400000095,462,1642,1.72601756681
28.8370001316,442,1594,1.75081666978
28.9330000877,421,1532,1.74585684918
29.0290000439,388,1448,1.735937208
29.125,378,1414,1.95912913474
29.2369999886,376,1387,2.1674415997
29.3330001831,369,1357,2.3360754999
29.4300000668,361,1326,2.46999065595
29.5410001278,354,1298,2.67830312091
29.6380000114,349,1269,3.01061110072
29.7330000401,342,1235,3.07508876845
29.8300001621,328,1181,3.24372266865
29.9260001183,325,1159,3.75458418986
30.0380001068,325,1151,4.21088768454
30.1340000629,330,1132,4.34480284058
30.2300000191,326,1101,4.47871799663
30.3260002136,324,1077,4.64735189683
30.4380002022,323,1058,4.87550364417
30.5340001583,322,1037,5.02925808259
30.6300001144,317,1000,5.06397682675
30.7269999981,313,972,5.05901700616
30.8389999866,308,940,5.02925808259
30.9340000153,307,910,5.00445897962
31.0300002098,298,868,4.68703046159
31.1270000935,292,828,4.47375817603
31.239000082,288,788,4.01249486077
31.3350000381,279,745,3.59586993085
31.4309999943,275,699,3.42723603064
31.5270001888,274,680,3.48179405718
31.6400001049,288,678,3.45699495421
31.7350001335,303,678,3.22884320687
31.8310000896,315,678,3.14452625677
31.9270000458,323,678,3.16436553915
32.0400002003,328,674,3.02053074191
32.1360001564,337,666,2.41543262941
32.2320001125,345,654,2.03352644365
32.3280000687,347,647,1.98392823771
32.4400000572,357,647,1.96408895533
32.5360000134,367,652,1.83513361988
32.6330001354,375,654,1.63178097552
32.7290000916,390,668,1.55242384601
32.8420000076,409,683,1.26475425154
32.9360001087,425,695,1.10108017193
33.0329999924,446,720,1.11099981312
33.1290001869,459,736,1.1258792749
33.2410001755,469,743,0.709254344981
33.3370001316,473,743,0.153754438422
33.4340000153,475,739,0.0843169501026
33.5300002098,501,775,0.679495421415
33.6420001984,528,820,1.31435245748
33.7369999886,547,848,1.60202205195
33.8340001106,568,880,1.77065595216
33.9300000668,580,895,1.72105774621
34.0420000553,593,910,1.68137918146
34.1380000114,607,929,1.70617828443
34.234000206,622,950,1.71113810502
34.3300001621,636,968,1.71609792562
34.4260001183,656,1000,2.23687908802
34.5380001068,680,1043,3.04037002429
34.6340000629,705,1081,3.23380302747
34.731000185,709,1087,3.23380302747
34.8260002136,704,1087,3.07012894786
34.9380002022,693,1062,1.94920949355
35.0350000858,662,1004,0.937406092318
35.131000042,631,954,0.768772192112
35.2269999981,615,929,0.798531115678
35.3389999866,598,914,1.30443281629
35.4360001087,575,900,1.61690151373
35.5310001373,546,866,1.97400859652
35.6270000935,516,834,2.56422724724
35.739000082,499,827,3.24372266865
35.8360002041,488,827,3.87361988413
35.9320001602,479,827,4.48367781722
36.0280001163,471,832,4.72670902634
36.1390001774,450,829,4.74158848813
36.236000061,415,790,4.81598579704
36.3320000172,403,786,5.13837413567
36.4280002117,401,803,5.892266866
36.5400002003,401,834,6.4924051579
36.6360001564,399,864,6.78999439356
36.7320001125,388,879,7.0131863203
36.8289999962,376,892,7.15206129694
36.9400000572,366,913,7.60340497102
37.0360000134,374,975,8.06466828629
37.1330001354,378,1009,8.23330218649
37.2290000916,379,1040,8.26802093065
37.3410000801,383,1076,8.40689590729
37.4370000362,393,1117,8.60528873106
37.5329999924,400,1149,8.56561016631
37.6300001144,401,1174,8.28786021303
37.742000103,403,1211,8.06466828629
37.8370001316,411,1265,7.88611474489
37.9340000153,421,1311,7.77699869182
38.0300002098,433,1358,7.67780227994
38.1270000935,451,1418,7.59348532983
38.2380001545,468,1478,7.32069519715
38.3340001106,480,1524,6.96358811436
38.4300000668,495,1583,6.4924051579
38.5260000229,512,1642,5.90714632778
38.6380000114,528,1704,5.366525883
38.734000206,546,1759,4.79614651466
38.8300001621,561,1802,4.44399925247
38.9270000458,578,1838,4.28528499345
39.0390000343,598,1876,4.26544571108
39.1349999905,624,1923,4.2456064287
39.231000185,656,1978,4.26544571108
39.3280000687,691,2031,4.47375817603
39.4390001297,741,2092,4.88542328536
39.5350000858,784,2137,5.32684731825
39.631000042,827,2175,5.75835170995
39.728000164,869,2212,6.04106148382
39.8389999866,908,2243,6.27913287235
39.9350001812,941,2266,6.42296766958
40.0310001373,969,2283,6.54696318444
40.128000021,998,2298,6.67591851989
40.2400000095,1041,2317,6.64615959633
40.3360002041,1074,2331,6.54696318444
40.4320001602,1100,2334,6.60152121098
40.5290000439,1123,2335,6.62136049335
40.6400001049,1142,2336,6.70071762286
40.736000061,1158,2335,6.89911044663
40.8330001831,1171,2325,6.97846757614
40.9290001392,1179,2311,7.48932909735
41.0410001278,1172,2273,8.20850308352
41.1370000839,1166,2258,8.59040926928
41.2330000401,1162,2251,8.8334404784
41.3280000687,1157,2242,9.02687348158
41.4409999847,1156,2242,9.07647168752
41.5370001793,1152,2240,9.12111007287
41.6330001354,1151,2243,8.56561016631
41.7290000916,1159,2274,7.78195851241
41.8410000801,1155,2298,7.50420855914
41.9380002022,1139,2304,7.45957017379
42.0329999924,1117,2308,7.45461035319
42.1290001869,1099,2308,7.40501214725
42.2260000706,1082,2309,7.20165950288
42.3370001316,1067,2315,6.84951224069
42.4340000153,1049,2316,6.52216408147
42.5300002098,1028,2319,6.03114184264
42.6260001659,992,2319,5.81290973649
42.7380001545,963,2307,5.6293963745
42.8340001106,935,2290,5.51036068024
42.9309999943,906,2267,5.47564193608
43.0260000229,878,2243,5.45084283311
43.1380000114,850,2213,5.50044103905
43.2350001335,822,2181,5.55003924499
43.3310000896,790,2143,5.51532050083
43.4270000458,746,2090,5.43100355073
43.5390000343,715,2051,5.43596337132
43.6349999905,684,1999,5.57483834796
43.731000185,654,1945,5.63931601569
43.8270001411,627,1897,5.81786955708
43.9390001297,602,1844,6.03610166323
44.0350000858,581,1800,6.19977574284
44.1320002079,567,1764,6.46760605493
44.228000164,551,1714,6.72551672583
44.3389999866,542,1679,6.96854793495
44.4350001812,531,1649,7.20661932348
44.5310001373,520,1611,7.40997196784
44.628000021,506,1572,7.67284245934
44.7400000095,492,1537,7.85139600073
44.8370001316,480,1490,8.01507008035
44.9330000877,473,1464,8.25314146887
45.0290000439,470,1425,8.47633339561
45.1400001049,462,1390,8.6598467576
45.236000061,453,1344,8.87311904316
45.3320000172,446,1302,9.14590917584
45.4290001392,437,1255,9.23022612594
45.5410001278,426,1201,9.41869930853
45.6370000839,422,1170,9.63693141467
45.7330000401,423,1141,9.64685105586
45.8289999962,423,1095,9.64685105586
45.9409999847,423,1064,9.64685105586
46.0380001068,426,1044,9.64685105586
46.1330001354,437,1032,9.64685105586
46.2290000916,447,1023,9.64685105586
46.3410000801,457,1019,9.64685105586
46.4370000362,471,1018,9.64685105586
46.5340001583,487,1018,9.64685105586
46.6300001144,505,1018,9.64685105586
46.7250001431,513,1030,9.64685105586
46.8380000591,513,1031,9.64685105586
46.9340000153,510,1045,9.64685105586
47.0310001373,518,1081,9.64685105586
47.1260001659,520,1115,9.64685105586
47.2380001545,516,1137,9.64685105586
47.3340001106,507,1160,9.64685105586
47.4309999943,498,1212,9.64685105586
47.5260000229,503,1269,9.64685105586
47.6390001774,508,1321,9.64685105586
47.7350001335,516,1381,9.50301625863
47.8310000896,521,1433,9.10127079049
47.9270000458,529,1485,8.66976639879
48.0390000343,536,1531,8.10930667164
48.1349999905,544,1578,7.58852550924
48.231000185,559,1642,7.09254344981
48.3270001411,577,1699,6.61144085217
48.4400000572,600,1760,6.24937394878
48.5360000134,623,1815,5.98650345729
48.631000042,650,1870,5.7186731452
48.728000164,680,1927,5.50044103905
48.8400001526,714,1986,5.32684731825
48.9360001087,747,2038,5.18301252102
49.0329999924,796,2103,5.08381610913
49.128000021,837,2146,5.14829377686
49.2400000095,872,2176,5.39628480657
49.3370001316,900,2191,5.79803027471
49.4330000877,925,2205,5.95674453372
49.5280001163,955,2229,5.83274901887
49.6400001049,986,2256,5.52524014202
49.7369999886,1020,2284,5.31196785647
49.8330001831,1060,2304,5.2822089329
49.9290001392,1080,2305,5.32684731825
50.0410001278,1102,2307,5.33180713884
50.1380000114,1112,2318,5.42604373014
50.2330000401,1111,2320,5.66907493925
50.3289999962,1103,2300,6.02618202204
50.4409999847,1106,2297,6.17001681928
50.5380001068,1113,2283,6.25433376938
50.6340000629,1120,2280,6.40312838721
50.7300000191,1119,2269,6.55192300504
50.8250000477,1118,2266,6.69575780227
50.9380002022,1118,2259,6.81975331713
51.0340001583,1117,2254,6.90903008782
51.1300001144,1117,2251,6.99334703793
51.2260000706,1117,2247,7.06774434684
51.3380000591,1117,2242,7.19669968229
51.4350001812,1118,2229,7.34549430012
51.5300002098,1117,2220,7.55876658567
51.6270000935,1114,2212,7.74723976825
51.739000082,1113,2206,7.80179779479
51.8350000381,1115,2202,7.80675761539
51.9309999943,1117,2196,7.84147635955
52.0270001888,1120,2191,7.85139600073
52.1390001774,1121,2186,7.86627546252
52.2350001335,1124,2182,7.85139600073
52.3310000896,1126,2180,7.84643618014
52.4280002117,1126,2178,7.86131564192
52.5390000343,1126,2178,7.85139600073
52.6349999905,1126,2178,7.90595402727
52.7320001125,1118,2178,8.02002990094
52.8280000687,1108,2188,7.99027097737
52.9390001297,1096,2203,8.08450756867
53.0360000134,1069,2216,7.97539151559
53.1320002079,1054,2232,7.65796299756
53.2290000916,1040,2240,7.4496505326
53.3400001526,1020,2244,7.34549430012
53.4360001087,992,2245,7.19669968229
53.5329999924,958,2237,7.02310596149
53.6290001869,931,2225,6.91894972901
53.7400000095,901,2209,6.77511493178
53.8360002041,866,2185,6.56680246682
53.9330000877,840,2166,6.33865071948
54.0300002098,811,2144,6.05098112501
54.125,784,2124,5.77323117173
54.2369999886,755,2095,5.47068211548
54.3330001831,723,2062,5.14333395626
54.4300000668,687,2023,4.82094561763
54.5410001278,658,1982,4.60271351149
54.6370000839,631,1940,4.47871799663
54.734000206,610,1901,4.47871799663
54.8300001621,591,1863,4.65231171743
54.9409999847,572,1827,4.87550364417
55.0380001068,560,1789,5.35164642122
55.1340000629,555,1758,5.81786955708
55.2300000191,544,1722,6.17993646046
55.3260002136,528,1670,6.54200336385
55.4380002022,506,1592,6.91398990842
55.5350000858,489,1537,7.13222201457
55.631000042,473,1481,7.16198093813
55.7260000706,458,1422,7.32565501774
55.8380000591,443,1370,7.6182844328
55.9350001812,439,1332,7.84643618014
56.0310001373,438,1295,7.99027097737
56.1260001659,437,1265,8.27298075125
56.239000082,443,1244,8.64992711641
56.3350000381,453,1231,8.87807886375
56.4309999943,457,1218,9.24014576713
56.5270001888,461,1210,9.56253410576
56.6400001049,473,1210,9.64685105586
56.7350001335,477,1196,9.64685105586
56.8310000896,477,1178,9.48317697625
56.9280002117,475,1171,9.522855541
57.0400002003,478,1171,9.55757428516
57.1349999905,478,1172,9.59229302932
57.2320001125,478,1183,9.64685105586
57.3280000687,478,1206,9.64685105586
57.4400000572,484,1246,9.64685105586
57.5360000134,495,1297,9.64685105586
57.6330001354,513,1358,9.64685105586
57.7290000916,525,1398,9.64685105586
57.8410000801,531,1444,9.55757428516
57.9360001087,534,1491,9.48317697625
58.0320000648,543,1533,9.29470379367
58.1290001869,549,1567,8.99711455801
58.2410001755,557,1603,8.7491235283
58.3360002041,567,1637,8.50609231918
58.4330000877,573,1663,8.24322182768
58.5290000439,585,1701,8.04482900391
58.625,606,1755,7.87123528311
58.7369999886,618,1782,7.71748084469
58.8330001831,635,1820,7.55876658567
58.9290001392,657,1862,7.45461035319
59.0260000229,676,1891,7.46452999438
59.1380000114,695,1916,7.58852550924
59.234000206,711,1933,7.78195851241
59.3300001621,731,1955,7.94067277143
59.4260001183,767,1997,8.02994954213
59.5380001068,795,2028,8.06962810688
59.6340000629,823,2056,8.08946738926
59.7300000191,855,2089,7.98035133619
59.8270001411,888,2120,7.87123528311
59.9390001297,919,2145,7.76707905063
60.0340001583,946,2164,7.7125210241
60.131000042,963,2170,7.80179779479
60.2269999981,980,2174,7.83651653895
60.3389999866,989,2188,7.88611474489
60.4350001812,997,2191,7.90595402727
60.5310001373,995,2187,7.99027097737
60.628000021,996,2187,8.08946738926
60.742000103,995,2182,8.20850308352
60.8350000381,994,2176,8.32753877778
60.9320001602,994,2170,8.38209680432
61.0280001163,1002,2170,8.25314146887
61.1390001774,1016,2178,8.0547486451
61.236000061,1028,2186,7.88611474489
61.3320000172,1043,2194,7.67284245934
61.4280002117,1061,2203,7.42981125022
61.5400002003,1076,2207,7.26117735002
61.6360001564,1089,2208,7.16694075872
61.7320001125,1097,2208,7.17686039991
61.8289999962,1104,2199,7.24629788823
61.9400000572,1109,2189,7.2710969912
62.0360000134,1112,2176,7.40005232666
62.1330001354,1112,2163,7.55876658567
62.2290000916,1110,2153,7.67284245934
62.3400001526,1108,2143,7.84643618014
62.4370000362,1105,2139,7.88611474489
62.5329999924,1103,2138,7.98531115678
62.6290001869,1096,2137,8.10930667164
62.7410001755,1093,2137,8.12418613342
62.8370001316,1094,2139,7.94067277143
62.9340000153,1099,2153,7.74227994766
63.0300002098,1099,2163,7.68772192112
63.1420001984,1093,2166,7.7918781536
63.2369999886,1084,2166,7.98035133619
63.3340001106,1073,2166,8.1390655952
63.4300000668,1061,2167,8.19858344233
63.5260000229,1054,2167,8.24818164828
63.6390001774,1044,2167,8.33745841897
63.7350001335,1032,2167,8.37713698373
63.8310000896,1021,2167,8.41185572789
63.9270000458,1009,2167,8.43169501026
64.0380001068,998,2167,8.43169501026
64.1340000629,987,2163,8.43665483086
64.231000185,970,2156,8.45153429264
64.3270001411,956,2152,8.40689590729
64.4390001297,950,2151,8.36721734254
64.5360000134,944,2150,8.28290039244
64.631000042,943,2150,8.15890487758
64.7269999981,943,2150,8.08946738926
64.8389999866,937,2150,8.05970846569
64.9350001812,920,2148,8.04978882451
65.0320000648,889,2128,8.03986918332
65.1270000935,872,2112,8.08946738926
65.2400000095,851,2087,8.17874415996
65.3360002041,826,2060,8.25810128947
65.4320001602,801,2036,8.33745841897
65.5280001163,781,2005,8.34241823957
65.6390001774,758,1975,8.28290039244
65.736000061,731,1945,8.12914595401
65.8320000172,704,1916,7.970431695
65.9280002117,697,1906,7.94563259203
66.0410001278,690,1893,7.92579330965
66.1360001564,683,1880,7.8811549243
66.2320001125,676,1867,8.01011025975
66.3289999962,671,1855,8.23826200709
66.4400000572,670,1849,8.43169501026
66.5370001793,670,1835,8.58544944869
66.6330001354,661,1815,8.70448514295
66.7290000916,652,1795,8.7441637077
66.8250000477,643,1779,8.73424406652
66.9370000362,633,1769,8.7491235283
67.0329999924,632,1765,8.76896281068
67.1300001144,631,1762,8.78384227246
67.2410001755,628,1754,8.78384227246
67.3370001316,624,1745,8.72928424592
67.4340000153,609,1727,8.70944496354
67.5300002098,606,1720,8.7441637077
67.6260001659,609,1720,8.8334404784
67.7380001545,609,1720,8.88303868434
67.8340001106,608,1707,8.9227172491
67.9300000668,600,1691,9.02191366098
68.0260000229,594,1680,9.16078863762
68.1380000114,597,1679,9.18558774059
68.2350001335,597,1674,9.24014576713
68.3300001621,594,1662,9.24014576713
68.4270000458,575,1625,9.23518594654
68.5390000343,558,1599,9.31454307605
68.6349999905,562,1589,9.39886002615
68.731000185,569,1594,9.43357877031
68.8270001411,571,1594,9.55757428516
68.9390001297,567,1580,9.58733320873
69.0360000134,557,1556,9.55261446457
69.1330001354,555,1550,9.57741356754
69.2269999981,555,1545,9.58237338814
69.3389999866,558,1542,9.64685105586
69.4350001812,558,1529,9.64685105586
69.5320000648,558,1529,9.64685105586
69.628000021,558,1529,9.64685105586
69.7400000095,558,1529,9.64685105586
69.8360002041,555,1512,9.53277518219
69.9320001602,552,1504,9.50797607922
70.0280001163,551,1501,9.53277518219
70.1400001049,551,1495,9.522855541
70.2369999886,551,1487,9.37902074377
70.3330001831,544,1479,9.36910110258
70.4290001392,540,1465,9.47821715566
70.5400002003,539,1445,9.50301625863
70.6370000839,527,1376,9.37902074377
70.7330000401,516,1333,9.30958325545
70.8289999962,505,1294,9.10127079049
70.9260001183,495,1257,9.05167258455
71.0370001793,488,1237,9.01695384039
71.1330001354,489,1215,8.84336011959
71.2300000191,493,1198,8.82848065781
71.3250000477,503,1196,8.88799850494
71.4370000362,518,1194,8.89791814613
71.5340001583,530,1194,8.92767706969
71.631000042,544,1197,9.06655204633
71.7260000706,554,1199,9.07647168752
71.8380000591,557,1199,8.93263689029
71.9340000153,558,1198,8.84831994018
72.0310001373,559,1198,8.838400299
72.1260001659,564,1198,8.75904316949
72.2380001545,569,1198,8.7491235283
72.3350000381,574,1198,8.79376191365
72.4300000668,581,1200,8.80368155484
72.5270001888,592,1209,8.87807886375
72.6390001774,600,1217,9.03679312277
72.7350001335,614,1244,9.40877966734
72.8310000896,631,1277,9.64685105586
72.9270000458,648,1302,9.64685105586
73.0390000343,669,1334,9.64685105586
73.1360001564,687,1358,9.64685105586
73.231000185,706,1376,9.64685105586
73.3270001411,718,1385,9.64685105586
73.4400000572,722,1387,9.64685105586
73.5360000134,719,1387,9.64685105586
73.631000042,718,1390,9.64685105586
73.728000164,718,1390,9.64685105586
73.8400001526,718,1390,9.64685105586
73.9350001812,718,1390,9.64685105586
74.0320000648,718,1391,9.64685105586
74.1320002079,724,1402,9.64685105586
74.2410001755,729,1410,9.64685105586
74.3360002041,737,1422,9.64685105586
74.4320001602,746,1439,9.64685105586
74.5280001163,752,1445,9.64685105586
74.6410000324,762,1460,9.64685105586
74.7369999886,771,1469,9.64685105586
74.8320000172,778,1476,9.64685105586
74.9290001392,781,1477,9.42365912912
75.0410001278,786,1477,9.2699046907
75.1370000839,790,1477,9.03183330217
75.234000206,796,1477,8.88303868434
75.3289999962,805,1485,8.96239581385
75.4409999847,824,1516,8.90287796672
75.5370001793,826,1515,8.54081106334
75.6340000629,827,1509,8.41185572789
75.7300000191,827,1509,8.41185572789
75.8250000477,827,1509,8.41185572789
75.9380002022,827,1509,8.41185572789
76.0340001583,827,1509,8.41185572789
76.1300001144,827,1509,8.41185572789
76.2260000706,830,1509,8.38705662492
76.3380000591,837,1512,8.35233788076
76.4340000153,844,1525,8.40689590729
76.5310001373,851,1537,8.44657447205
76.6270000935,858,1548,8.36225752194
76.7380001545,866,1552,7.91587366846
76.8350000381,875,1552,7.57364604746
76.9309999943,887,1569,7.56868622686
77.0280001163,903,1591,7.49428891795
77.1390001774,912,1606,7.50420855914
77.2350001335,922,1626,7.52900766211
77.3310000896,933,1654,8.02498972153
77.4280002117,940,1686,8.35233788076
77.5400002003,947,1696,8.16882451877
77.6370000839,957,1698,7.54388712389
77.731000185,970,1699,6.89911044663
77.8270001411,984,1714,6.70567744346
77.9400000572,992,1739,7.07766398803
78.0360000134,993,1772,7.88611474489
78.1320002079,995,1796,8.16882451877
78.228000164,1002,1815,8.12418613342
78.3400001526,1013,1835,8.00019061856
78.4360001087,1022,1859,7.99523079797
78.5329999924,1029,1881,7.95059241262
78.628000021,1044,1908,7.68276210053
78.7410001755,1057,1923,7.22645860586
78.8370001316,1074,1938,6.61640067276
78.9340000153,1090,1955,6.10057933096
79.0290000439,1100,1972,5.88234722481
79.1410000324,1106,1986,5.74843206876
79.2380001545,1110,1999,5.70875350401
79.3340001106,1113,2009,5.64427583628
79.4290001392,1116,2022,5.61947673331
79.5260000229,1118,2032,5.60955709212
79.6380000114,1121,2045,5.51532050083
79.7330000401,1124,2059,5.46076247429
79.8300001621,1125,2071,5.4558026537
79.9260001183,1126,2082,5.4558026537
80.0380001068,1126,2095,5.50044103905
80.1340000629,1124,2106,5.59963745093
80.2300000191,1122,2117,5.63435619509
80.3270001411,1121,2123,5.63435619509
80.4390001297,1118,2129,5.70875350401
80.5340001583,1115,2136,5.74843206876
80.631000042,1113,2142,5.75339188936
80.7269999981,1110,2146,5.79307045411
80.8389999866,1106,2148,5.93194543075
80.9350001812,1101,2148,6.00634273967
81.0310001373,1100,2148,6.00634273967
81.128000021,1100,2148,6.00634273967
81.2380001545,1100,2148,6.01130256026
81.3350000381,1100,2148,6.01130256026
81.4320001602,1100,2148,5.96170435432
81.5280001163,1102,2148,5.95674453372
81.6390001774,1102,2148,6.02122220145
81.736000061,1102,2140,6.20473556344
81.8320000172,1100,2120,6.40312838721
81.9280002117,1099,2106,6.48248551672
82.0410001278,1102,2094,6.4130480284
82.1360001564,1105,2077,6.38328910483
82.2320001125,1105,2055,6.46760605493
82.3289999962,1099,2025,6.61144085217
82.4400000572,1093,1993,6.59160156979
82.5370001793,1088,1957,6.45272659315
82.6320002079,1075,1907,6.4080882078
82.7290000916,1064,1867,6.16505699868
82.8410000801,1066,1838,5.1086152121
82.9370000362,1073,1814,3.86370024294
83.0329999924,1076,1787,3.43219585124
83.1290001869,1050,1752,3.96785647542
83.2410001755,1025,1714,4.23568678751
83.3370001316,1009,1688,4.27040553167
83.4330000877,985,1643,4.32496355821
83.5300002098,961,1600,4.33984301999
83.6260001659,931,1549,4.26048589048
83.7369999886,908,1512,3.96289665482
83.8340001106,903,1498,3.69506634273
83.9300000668,903,1492,3.48179405718
84.0260000229,901,1487,3.26356195103
84.1380000114,904,1486,2.6882227621
84.234000206,912,1484,2.22199962623
84.3310000896,912,1484,2.22199962623
84.4270000458,911,1484,2.38567370585
84.5380001068,907,1482,2.87173612408
84.6349999905,897,1478,3.32307979816
84.731000185,889,1473,3.88353952532
84.8260002136,880,1468,4.11665109325
84.9390001297,878,1467,4.13153055503
85.0350000858,878,1467,3.96289665482
85.131000042,881,1467,3.79426275462
85.2269999981,881,1465,3.87361988413
85.3389999866,878,1464,4.23568678751
85.4380002022,864,1458,4.90526256774
85.5320000648,842,1439,5.75835170995
85.6270000935,812,1409,6.34857036067
85.7400000095,795,1395,6.4924051579
85.8360002041,786,1386,6.89415062604
85.9309999943,772,1387,7.83155671836
86.0280001163,745,1369,8.64496729582
86.1400001049,716,1344,9.14094935525
86.236000061,684,1315,9.522855541
86.3320000172,650,1290,9.64685105586
86.4290001392,616,1269,9.64685105586
86.5410001278,581,1260,9.29470379367
86.6360001564,510,1184,8.46145393383
86.7330000401,457,1109,7.76707905063
86.8289999962,436,1052,7.73236030647
86.9409999847,440,1054,7.73732012707
87.0370001793,441,1054,7.77699869182
87.1330001354,448,1055,7.82163707717
87.2290000916,455,1055,7.83155671836
87.3250000477,460,1056,7.81171743598
87.4370000362,460,1050,7.47940945616
87.5329999924,455,1044,6.74039618762
87.6300001144,419,993,6.09065968977
87.7410001755,398,922,5.69387404223
87.8380000591,398,910,5.22765090636
87.9340000153,401,909,4.68207064099
88.0300002098,401,883,4.07697252849
88.1260001659,395,857,3.62066903382
88.2380001545,395,826,3.18420482152
88.3340001106,404,823,2.73286114744
88.4309999943,407,812,2.23191926742
88.5270001888,408,787,1.61690151373
88.6380000114,411,773,0.818370398055
88.7350001335,423,768,0.0148794617828
88.8310000896,443,768,-0.838209680432
88.9270000458,471,786,-1.52762474304
89.0390000343,520,834,-2.41047280882
89.1349999905,563,881,-3.22884320687
89.231000185,609,935,-4.09185199028
89.3280000687,662,999,-5.18301252102
89.4390001297,719,1064,-6.31385161651
89.5350000858,769,1134,-6.05594094561
89.6320002079,803,1191,-5.82282937768
89.728000164,839,1245,-6.15513735749
89.8389999866,883,1317,-5.72859278639
89.9360001087,921,1379,-5.48060175667
90.0320000648,954,1428,-5.45084283311
90.1290001869,967,1455,-5.33180713884
90.2400000095,962,1454,-5.05405718556
90.3360002041,965,1459,-4.78126705288
90.4320001602,969,1469,-4.56799476733
90.5280001163,971,1473,-4.56303494673
90.6400001049,971,1473,-4.56303494673
90.7369999886,971,1473,-4.56303494673
90.8330001831,971,1473,-4.56303494673
90.9280002117,971,1473,-4.56303494673
91.0410001278,971,1473,-4.56303494673
91.1370000839,971,1473,-4.56303494673
91.2330000401,973,1476,-4.60767333208
91.3289999962,982,1489,-4.75150812931
91.4409999847,993,1507,-4.71182956456
91.5380001068,997,1518,-4.37952158474
91.6349999905,1005,1538,-3.81906185759
91.7300000191,1015,1562,-3.19412446271
91.8260002136,1031,1594,-2.86677630349
91.9370000362,1059,1641,-2.87669594468
92.0340001583,1090,1695,-2.98085217716
92.1300001144,1124,1756,-3.27348159222
92.2260000706,1176,1845,-3.9876957578
92.3380000591,1207,1908,-4.21088768454
92.4340000153,1224,1955,-3.92817791066
92.5310001373,1227,1981,-3.14452625677
92.6260001659,1227,1996,-2.61382545318
92.7380001545,1227,2003,-2.29639693515
92.8360002041,1227,2017,-1.88473182582
92.9309999943,1230,2041,-1.51274528125
93.0270001888,1241,2086,-1.51770510185
93.1390001774,1252,2120,-1.79049523453
93.2350001335,1255,2128,-1.80041487572
93.3310000896,1255,2128,-1.80041487572
93.4270000458,1255,2128,-1.80041487572
93.5390000343,1255,2128,-1.80041487572
93.6360001564,1255,2128,-1.80041487572
93.731000185,1255,2128,-1.80041487572
93.8280000687,1255,2128,-1.80041487572
93.9400000572,1255,2128,-1.80041487572
94.0360000134,1255,2128,-1.80041487572
94.1320002079,1255,2128,-1.80041487572
94.228000164,1255,2128,-1.80041487572
94.3400001526,1255,2128,-1.80041487572
94.4370000362,1255,2134,-1.76073631097
94.5320000648,1259,2153,-1.79049523453
94.6290001869,1266,2174,-2.03848626425
94.7410001755,1274,2191,-2.54438796486
94.8370001316,1284,2209,-3.16436553915
94.9330000877,1295,2227,-3.93313773126
95.0290000439,1303,2240,-4.34480284058
95.1410000324,1305,2250,-4.37952158474
95.2380001545,1306,2256,-4.37952158474
95.3330001831,1306,2256,-4.38448140534
95.4290001392,1305,2256,-4.21088768454
95.5420000553,1292,2228,-3.26356195103
95.6370000839,1273,2196,-2.12776303494
95.734000206,1259,2166,-1.43834797234
95.8300001621,1242,2131,-0.436464212296
95.9409999847,1218,2090,0.704294524387
96.0380001068,1195,2049,1.45322743412
96.1340000629,1183,2021,1.57226312838
96.2300000191,1174,1988,1.56730330779
96.3260002136,1163,1957,1.85001308166
96.4380002022,1145,1919,2.36583442347
96.5380001068,1119,1876,2.83701737992
96.6300001144,1100,1850,3.1197271538
96.7260000706,1083,1815,3.44211549243
96.8389999866,1060,1771,3.75954401046
96.9350001812,1032,1720,3.8091422164
97.0300002098,994,1654,3.814102037
97.1270000935,960,1600,4.18608858157
97.239000082,931,1567,4.90526256774
97.3360002041,915,1554,5.45084283311
97.4309999943,906,1546,5.83770883946
97.5280001163,897,1540,6.35849000186
97.6400001049,889,1540,7.21157914407
97.7350001335,879,1540,8.1440254158
97.8310000896,867,1553,8.62512801344
97.9280002117,872,1565,8.7491235283
98.0400002003,886,1589,8.72432442533
98.1349999905,903,1614,8.5755298075
98.2320001125,918,1640,8.66976639879
98.3280000687,926,1668,9.07647168752
98.4400000572,934,1702,9.33934217902
98.5360000134,946,1735,9.38894038496
98.6320002079,963,1777,9.39390020555
98.7290000916,972,1806,9.46829751447
98.8410000801,973,1820,9.58733320873
98.9370000362,973,1820,9.59229302932
99.0329999924,972,1820,9.63693141467
99.1290001869,960,1794,9.64685105586
99.2400000095,940,1746,9.64685105586
99.3370001316,919,1702,9.64685105586
99.4330000877,899,1655,9.64685105586
99.5300002098,882,1622,9.64685105586
99.625,880,1614,9.31454307605
99.7369999886,892,1614,8.77888245186
99.8340001106,919,1624,7.68276210053
99.9300000668,949,1650,6.89415062604
100.026000023,978,1685,6.3188114371
100.138000011,1004,1728,6.03114184264
100.234000206,1032,1777,5.79803027471
100.33100009,1043,1793,5.55499906559
100.426000118,1044,1793,5.5401196038
100.538000107,1048,1794,5.15821341804
100.63499999,1057,1794,4.52335638198
100.730000019,1059,1794,4.39936086712
100.826000214,1047,1776,4.80110633526
100.93900013,1029,1750,5.05405718556
101.035000086,1009,1713,5.17309287983
101.130000114,994,1696,5.55003924499
101.226999998,977,1674,5.92202578956
101.338999987,957,1649,6.24441412819
101.435000181,943,1630,6.38824892542
101.532000065,933,1611,6.36344982245
101.627000093,919,1588,6.45768641374
101.739000082,904,1574,6.96854793495
101.835000038,878,1556,7.68772192112
101.93200016,854,1543,8.29282003363
102.028000116,831,1512,8.69952532236
102.141000032,814,1492,8.81856101662
102.235000134,806,1479,8.82848065781
102.332000017,797,1467,8.838400299
102.428000212,788,1449,8.81360119602
102.5400002,779,1431,8.63504765463
102.636000156,766,1399,8.312659316
102.73300004,755,1381,8.18866380115
102.828999996,741,1372,8.58048962809
102.940999985,722,1363,9.07647168752
103.036000013,700,1345,9.46333769387
103.133000135,675,1321,9.59725284992
103.229000092,660,1316,9.64685105586
103.34100008,650,1312,9.64685105586
103.437000036,635,1289,9.64685105586
103.532999992,626,1273,9.60717249111
103.629000187,618,1260,9.34430199961
103.742000103,611,1241,8.87311904316
103.837000132,604,1234,8.6648065782
103.933000088,592,1228,8.55569052512
104.029000044,576,1213,8.45649411324
104.125,557,1197,8.09938703045
104.238000154,525,1150,7.2760568118
104.334000111,499,1078,6.03610166323
104.430000067,482,1035,5.96666417491
104.527000189,486,1035,5.96666417491
104.638000011,487,1035,5.96666417491
104.734000206,486,1035,5.96666417491
104.830000162,483,1035,5.59963745093
104.926000118,479,1012,4.5878340497
105.038000107,470,976,4.27040553167
105.13499999,463,970,4.42415997009
105.231000185,462,982,5.07389646794
105.328000069,469,1018,6.04106148382
105.438000202,489,1098,7.7968379742
105.535000086,509,1174,8.53089142215
105.631000042,518,1198,8.59040926928
105.726999998,519,1192,8.60032891047
105.840000153,513,1176,8.65488693701
105.935000181,507,1169,8.69456550176
106.032000065,508,1173,8.89295832553
106.128000021,519,1184,9.04175294336
106.24000001,527,1194,9.19054756119
106.336000204,535,1208,9.4434984115
106.43200016,546,1241,9.64685105586
106.532000065,553,1276,9.64685105586
106.640000105,553,1282,9.64685105586
106.736000061,553,1282,9.64685105586
106.832000017,550,1280,9.6121323117
106.928000212,541,1257,9.18062792
107.0400002,531,1240,9.07151186693
107.137000084,520,1230,8.80864137543
107.23300004,510,1213,8.25810128947
107.330000162,501,1190,7.60340497102
107.426000118,485,1175,7.19669968229
107.537000179,473,1167,7.14214165575
107.633000135,463,1167,7.63316389459
107.730000019,456,1200,8.02994954213
107.826000214,464,1239,8.05970846569
107.937000036,468,1244,7.76211923004
108.032999992,467,1234,7.45957017379
108.130000114,461,1227,7.12726219397
108.226000071,452,1243,7.4496505326
108.338000059,452,1310,7.64804335637
108.434000015,459,1357,7.46948981498
108.53000021,467,1394,7.54884694448
108.626000166,480,1430,7.64308353578
108.738000154,484,1442,7.7968379742
108.835000038,505,1487,8.21346290412
108.930999994,535,1546,8.56561016631
109.027000189,567,1607,8.66976639879
109.138000011,595,1675,8.82352083721
109.235000134,616,1699,8.9227172491
109.33100009,626,1713,8.90783778731
109.427000046,636,1714,8.91279760791
109.539000034,659,1746,8.8334404784
109.63499999,681,1773,8.86319940197
109.732000113,674,1768,8.68464586057
109.828000069,639,1736,7.7968379742
109.93900013,603,1720,6.29401233413
110.035000086,565,1691,4.94494113249
110.132000208,514,1614,3.51651280134
110.228000164,464,1532,2.24183890861
110.340000153,447,1509,1.67641936086
110.436000109,453,1531,1.63178097552
110.532000065,457,1534,1.63178097552
110.628000021,457,1543,1.59706223136
110.741000175,457,1543,1.59706223136
110.836000204,457,1543,1.59706223136
110.933000088,457,1543,1.59706223136
111.029000044,457,1543,1.59706223136
111.141000032,457,1543,1.59706223136
111.236999989,457,1543,1.59706223136
111.333000183,457,1543,1.59706223136
111.429000139,457,1543,1.59706223136
111.541000128,457,1543,1.59706223136
111.637000084,457,1543,1.59706223136
111.735000134,457,1543,1.59706223136
111.83100009,457,1543,1.59706223136
111.940999985,457,1543,1.59706223136
112.037000179,457,1543,1.59706223136
112.134000063,457,1543,1.59706223136
112.230000019,457,1543,1.59706223136
112.326000214,457,1543,1.59706223136
112.437000036,457,1543,1.59706223136
112.534000158,457,1543,1.59706223136
112.630000114,457,1543,1.59706223136
112.726000071,457,1543,1.59706223136
112.838999987,457,1543,1.59706223136
112.935000181,457,1543,1.59706223136
113.031000137,457,1543,1.59706223136
113.127000093,457,1543,1.59706223136
113.239000082,457,1543,1.59706223136
113.335000038,457,1543,1.59706223136
113.430999994,457,1543,1.59706223136
113.528000116,457,1543,1.59706223136
113.639000177,457,1543,1.59706223136
113.735000134,457,1543,1.59706223136
113.832000017,457,1543,1.59706223136
113.927000046,457,1543,1.59706223136
114.0400002,457,1543,1.59706223136
114.136000156,457,1543,1.59706223136
114.232000113,457,1543,1.59706223136
114.328000069,457,1543,1.59706223136
114.440000057,457,1543,1.59706223136
114.536000013,457,1543,1.59706223136
114.633000135,457,1543,1.59706223136
114.729000092,457,1543,1.59706223136
114.840000153,457,1543,1.59706223136
114.936000109,457,1543,1.59706223136
115.032999992,457,1543,1.59706223136
115.129000187,457,1543,1.59706223136
115.241000175,457,1543,1.59706223136
115.337000132,457,1543,1.59706223136
115.434000015,457,1543,1.59706223136
115.529000044,457,1543,1.59706223136
115.641000032,457,1543,1.59706223136
115.736999989,457,1543,1.59706223136
115.834000111,457,1543,1.59706223136
115.930000067,457,1543,1.59706223136
116.026000023,457,1543,1.59706223136
116.137000084,457,1543,1.59706223136
116.235000134,457,1543,1.59706223136
116.332000017,457,1543,1.60202205195
116.426000118,457,1543,1.59706223136
116.538000107,457,1543,1.59706223136
116.634000063,457,1543,1.59706223136
116.730000019,457,1543,1.59706223136
116.826000214,457,1543,1.59706223136
116.938000202,457,1543,1.59706223136
117.035000086,457,1543,1.59706223136
117.131000042,457,1543,1.59706223136
117.226999998,457,1543,1.59706223136
117.338999987,457,1543,1.59706223136
117.436000109,457,1543,1.59706223136
117.531000137,457,1543,1.59706223136
117.627000093,457,1543,1.59706223136